7 -453.67
12 -198.584
36 -421.325
48 -435.224
62 -101.399
113 -442.985
123 -196.866
127 -206.588
135 -449.974
141 -393.997
149 -453.685
161 -450.949
181 -226.554
185 -102.431
191 -450.996
222 -442.985
227 -199.505
233 -433.477
247 -422.046
268 -196.729
280 -440.095
292 -452.763
304 -448.929
320 -432.173
339 -431.468
346 -199.164
375 -420.61
377 -180.429
387 -446.66
393 -420.031
400 -449.253
451 -442.985
502 -442.985
515 -263.302
541 -260.796
556 -452.49
575 -305.339
589 -453.546
599 -446.856
610 -453.692
620 -435.742
671 -442.985
692 -430.179
711 -198.108
761 -442.985
772 -430.427
823 -442.985
828 -136.215
833 -191.721
861 -189.142
871 -446.465
886 -435.158
889 -130.67
902 -432.707
912 -442.902
936 -442.985
942 -430.427
946 -199.227
975 -441.949
979 -192.947
1004 -265.638
1009 -430.427
1025 -195.044
1038 -452.202
1058 -224.8
1098 -422.465
1121 -204.233
1130 -450.355
1158 -440.135
1163 -409.555
1181 -193.79
1199 -225.935
