4 -89.213
4 -89.213
29 -196.182
58 -254.487
121 -254.75
10 -450.633
86 -213.835
94 -430.427
103 -93.8055
112 -93.809
121 -93.809
130 -93.7842
145 -85.0735
158 -85.0096
172 -85.0156
181 -93.7699
190 -71.3855
200 -71.4107
216 -135.692
219 -205.724
234 -100.683
251 -134.536
9 -93.8055
27 -93.809
45 -93.809
54 -93.7842
68 -85.0735
82 -85.0096
96 -85.0156
105 -93.7699
114 -71.3855
123 -71.4107
140 -135.692
173 -100.683
190 -134.536
207 -126.531
228 -208.487
267 -134.539
284 -120.013
293 -430.427
355 -132.466
9 -93.809
27 -93.809
36 -93.7842
50 -85.0735
64 -85.0096
18 -128.212
50 -198.177
71 -128.212
88 -128.827
8 -59.7478
23 -84.6525
39 -84.6468
47 -84.8282
9 -84.9223
25 -84.9223
34 -84.9256
21 -228.964
79 -253.903
37 -254.028
99 -254.354
47 -254.557
6 -424.01
0 -41.2678
12 -424.053
79 -199.084
1 -41.2678
13 -424.053
81 -199.084
4 -89.213
29 -196.182
7 -127.874
5 -128.304
4 -124.803
33 -124.096
42 -124.096
51 -124.096
57 -124.076
59 -124.316
25 -174.081
26 -174.081
6 -134.218
26 -174.081
79 -174.08
104 -174.082
157 -173.812
188 -223.418
222 -171.805
226 -171.635
4 -89.213
3 -89.213
4 -89.213
29 -196.182
58 -254.487
120 -254.75
179 -213.634
183 -198.511
212 -254.247
241 -254.427
270 -254.324
300 -254.64
330 -254.585
359 -254.585
9 -450.633
111 -442.985
161 -442.985
210 -442.985
259 -442.985
271 -95.0221
320 -442.985
369 -442.985
374 -123.629
386 -91.2145
398 -90.7334
448 -442.985
497 -442.985
546 -442.985
596 -442.985
607 -453.647
676 -156.632
687 -425.37
699 -425.37
704 -413.918
710 -413.918
717 -422.496
728 -450.632
738 -453.679
802 -453.698
865 -435.586
878 -435.586
886 -453.64
893 -453.64
922 -425.077
937 -127.943
946 -420.184
968 -405.544
981 -402.842
1002 -405.544
1031 -396.499
1064 -400.549
1071 -419.589
1099 -419.867
1108 -441.643
1118 -418.517
1129 -447.109
1140 -453.685
1150 -453.654
1159 -433.268
