4 -89.213
4 -89.213
29 -196.182
58 -254.487
121 -254.75
10 -450.633
9 -93.8055
27 -93.809
140 -135.692
228 -208.487
293 -430.427
9 -93.809
18 -128.212
50 -198.177
8 -59.7478
23 -84.6525
47 -84.8282
9 -84.9223
34 -84.9256
21 -228.964
79 -253.903
37 -254.028
99 -254.354
47 -254.557
6 -424.01
0 -41.2678
12 -424.053
1 -41.2678
13 -424.053
4 -89.213
29 -196.182
7 -127.874
5 -128.304
4 -124.803
25 -174.081
26 -174.081
6 -134.218
26 -174.081
104 -174.082
188 -223.418
4 -89.213
3 -89.213
4 -89.213
29 -196.182
58 -254.487
120 -254.75
9 -450.633
607 -453.647
738 -453.679
802 -453.698
