9 -291.061
14 -323.662
19 -317.249
25 -419.364
34 -419.351
41 -419.366
45 -334.158
52 -327.7
62 -320.233
67 -323.712
71 -405.375
77 -334.764
84 -310.222
87 -322.161
95 -321.793
102 -269.951
109 -419.347
120 -279.889
126 -323.126
134 -279.848
138 -302.102
142 -394.36
147 -419.385
158 -279.875
161 -390.827
182 -361.795
189 -419.416
193 -394.473
194 -269.923
200 -281.492
205 -323.121
216 -279.896
221 -323.126
225 -394.359
231 -419.259
241 -323.99
248 -419.084
253 -281.535
253 -165.317
257 -394.086
263 -419.406
269 -281.662
289 -302.405
294 -281.654
299 -323.121
302 -279.886
308 -299.53
314 -340.508
321 -291.098
328 -324.231
333 -292.4
354 -361.794
361 -291.098
367 -318.569
372 -292.4
378 -340.508
385 -291.098
392 -324.231
397 -292.4
419 -361.794
425 -291.098
432 -318.569
437 -292.4
442 -340.508
449 -291.098
456 -324.231
461 -292.4
483 -361.794
486 -247.212
492 -318.569
497 -292.882
503 -340.508
509 -291.098
516 -324.231
521 -292.4
543 -361.794
550 -291.098
556 -318.569
561 -292.4
565 -318.861
567 -317.455
573 -303.115
575 -321.272
579 -309.021
581 -321.272
585 -327.866
586 -321.272
590 -327.684
592 -317.454
596 -308.776
598 -321.272
605 -308.87
607 -321.272
615 -308.823
621 -328.728
625 -318.861
627 -317.455
633 -317.234
635 -321.272
639 -309.021
640 -321.272
646 -311.828
648 -321.272
651 -327.684
654 -317.454
656 -309.846
657 -321.272
665 -308.87
666 -321.272
669 -310.146
675 -328.728
676 -317.458
677 -317.594
679 -317.456
680 -331.606
681 -316.781
682 -317.145
684 -312.712
684 -317.47
686 -317.456
687 -318.043
688 -317.382
689 -330.706
691 -312.712
692 -316.381
693 -316.371
694 -317.919
701 -419.416
712 -408.388
713 -325.521
725 -408.388
732 -419.405
736 -400.097
746 -334.683
757 -408.432
764 -334.758
768 -400.022
775 -334.692
778 -314.448
783 -325.91
787 -314.448
788 -325.523
799 -408.432
818 -322.223
821 -306.307
830 -290.698
832 -317.991
837 -323.621
842 -327.477
861 -322.199
862 -329.142
880 -322.223
883 -306.307
892 -290.698
894 -317.991
899 -323.621
905 -327.477
923 -322.199
924 -329.142
926 -317.458
926 -318.043
929 -317.456
929 -330.706
931 -316.781
931 -316.381
933 -312.712
934 -317.919
936 -317.456
937 -317.594
938 -317.382
938 -331.606
941 -312.712
941 -317.145
943 -316.371
943 -317.47
962 -322.223
965 -306.307
974 -290.698
976 -317.991
981 -323.621
986 -327.477
1005 -322.199
1006 -329.142
1024 -322.223
1027 -306.307
1036 -290.698
1038 -317.991
1043 -323.621
1049 -327.587
1067 -322.199
1069 -317.612
1076 -419.405
1079 -363.794
1089 -334.683
1092 -363.794
1100 -419.405
1111 -408.388
1120 -334.683
1131 -408.432
1145 -272.78
1156 -408.432
1158 -335.022
1169 -408.432
1176 -419.405
1179 -363.794
1189 -334.683
1192 -363.794
1193 -318.043
1194 -323.726
1194 -330.706
1195 -323.726
1196 -316.381
1196 -318.278
1196 -317.919
1197 -318.278
