8 -429.816
82 -267.301
102 -200.636
131 -254.612
161 -254.911
189 -241.291
217 -254.62
239 -266.458
265 -213.649
293 -261.068
322 -254.813
348 -213.576
374 -213.649
402 -253.782
428 -213.649
436 -429.816
444 -429.816
453 -429.816
461 -429.816
469 -429.816
477 -429.816
486 -429.816
494 -429.816
502 -429.816
511 -429.816
519 -429.816
527 -429.816
535 -429.816
544 -429.816
552 -429.816
560 -429.816
589 -254.498
618 -241.574
648 -254.498
677 -241.574
706 -254.498
735 -241.574
764 -254.498
793 -241.574
822 -241.302
850 -241.378
879 -241.302
908 -241.378
936 -241.302
965 -241.378
994 -241.302
1022 -241.378
1049 -213.649
1065 -450.362
1137 -436.119
1157 -452.614
