# 1.35284:0:2.19996:1.35284:0.6:2.2:1.35284:0:2.19996:1.35284:0.6:2.2
# array of size 12
# plot "" u 1:2 pt 7 ps 2 lc -1, "" u 3:4 pt 7 ps 2 lc -1, "" u 5:6 pt 7 ps 2 lc -1, "" u 7:8 pt 7 ps 2 lc -1, "" u 9:10 pt 7 ps 2 lc -1, "" u 11:12 pt 7 ps 2 lc -1, "" u 13:14 pt 7 ps 2 lc -1, "" u 15:16 pt 7 ps 2 lc -1, "" u 17:18 pt 7 ps 2 lc -1, "" u 19:20 pt 7 ps 2 lc -1, "" u 21:22 pt 7 ps 2 lc -1, "" u 23:24 pt 7 ps 2 lc -1


-13.19976 0 -12.6 1.35284 -13.19976 2.70568 -12.6 4.05852 -13.19976 5.41136 -12.6 6.7642 -13.19976 8.11704 -12.6 9.46988 -13.19976 10.82272 -12.6 12.17556 -13.19976 13.5284 -12.6 14.88124 
-10.9998 0 -10.4 1.35284 -10.9998 2.70568 -10.4 4.05852 -10.9998 5.41136 -10.4 6.7642 -10.9998 8.11704 -10.4 9.46988 -10.9998 10.82272 -10.4 12.17556 -10.9998 13.5284 -10.4 14.88124 
-8.79984 0 -8.2 1.35284 -8.79984 2.70568 -8.2 4.05852 -8.79984 5.41136 -8.2 6.7642 -8.79984 8.11704 -8.2 9.46988 -8.79984 10.82272 -8.2 12.17556 -8.79984 13.5284 -8.2 14.88124 
-6.59988 0 -6 1.35284 -6.59988 2.70568 -6 4.05852 -6.59988 5.41136 -6 6.7642 -6.59988 8.11704 -6 9.46988 -6.59988 10.82272 -6 12.17556 -6.59988 13.5284 -6 14.88124 
-4.39992 0 -3.8 1.35284 -4.39992 2.70568 -3.8 4.05852 -4.39992 5.41136 -3.8 6.7642 -4.39992 8.11704 -3.8 9.46988 -4.39992 10.82272 -3.8 12.17556 -4.39992 13.5284 -3.8 14.88124 
-2.19996 0 -1.6 1.35284 -2.19996 2.70568 -1.6 4.05852 -2.19996 5.41136 -1.6 6.7642 -2.19996 8.11704 -1.6 9.46988 -2.19996 10.82272 -1.6 12.17556 -2.19996 13.5284 -1.6 14.88124 
0 0 0.6 1.35284 0 2.70568 0.6 4.05852 0 5.41136 0.6 6.7642 0 8.11704 0.6 9.46988 0 10.82272 0.6 12.17556 0 13.5284 0.6 14.88124 
2.19996 0 2.8 1.35284 2.19996 2.70568 2.8 4.05852 2.19996 5.41136 2.8 6.7642 2.19996 8.11704 2.8 9.46988 2.19996 10.82272 2.8 12.17556 2.19996 13.5284 2.8 14.88124 
4.39992 0 5 1.35284 4.39992 2.70568 5 4.05852 4.39992 5.41136 5 6.7642 4.39992 8.11704 5 9.46988 4.39992 10.82272 5 12.17556 4.39992 13.5284 5 14.88124 
6.59988 0 7.2 1.35284 6.59988 2.70568 7.2 4.05852 6.59988 5.41136 7.2 6.7642 6.59988 8.11704 7.2 9.46988 6.59988 10.82272 7.2 12.17556 6.59988 13.5284 7.2 14.88124 
8.79984 0 9.4 1.35284 8.79984 2.70568 9.4 4.05852 8.79984 5.41136 9.4 6.7642 8.79984 8.11704 9.4 9.46988 8.79984 10.82272 9.4 12.17556 8.79984 13.5284 9.4 14.88124 
10.9998 0 11.6 1.35284 10.9998 2.70568 11.6 4.05852 10.9998 5.41136 11.6 6.7642 10.9998 8.11704 11.6 9.46988 10.9998 10.82272 11.6 12.17556 10.9998 13.5284 11.6 14.88124 
13.19976 0 13.8 1.35284 13.19976 2.70568 13.8 4.05852 13.19976 5.41136 13.8 6.7642 13.19976 8.11704 13.8 9.46988 13.19976 10.82272 13.8 12.17556 13.19976 13.5284 13.8 14.88124 
15.39972 0 16 1.35284 15.39972 2.70568 16 4.05852 15.39972 5.41136 16 6.7642 15.39972 8.11704 16 9.46988 15.39972 10.82272 16 12.17556 15.39972 13.5284 16 14.88124 
17.59968 0 18.2 1.35284 17.59968 2.70568 18.2 4.05852 17.59968 5.41136 18.2 6.7642 17.59968 8.11704 18.2 9.46988 17.59968 10.82272 18.2 12.17556 17.59968 13.5284 18.2 14.88124 
19.79964 0 20.4 1.35284 19.79964 2.70568 20.4 4.05852 19.79964 5.41136 20.4 6.7642 19.79964 8.11704 20.4 9.46988 19.79964 10.82272 20.4 12.17556 19.79964 13.5284 20.4 14.88124 
21.9996 0 22.6 1.35284 21.9996 2.70568 22.6 4.05852 21.9996 5.41136 22.6 6.7642 21.9996 8.11704 22.6 9.46988 21.9996 10.82272 22.6 12.17556 21.9996 13.5284 22.6 14.88124 
24.19956 0 24.8 1.35284 24.19956 2.70568 24.8 4.05852 24.19956 5.41136 24.8 6.7642 24.19956 8.11704 24.8 9.46988 24.19956 10.82272 24.8 12.17556 24.19956 13.5284 24.8 14.88124 
26.39952 0 27 1.35284 26.39952 2.70568 27 4.05852 26.39952 5.41136 27 6.7642 26.39952 8.11704 27 9.46988 26.39952 10.82272 27 12.17556 26.39952 13.5284 27 14.88124 
28.59948 0 29.2 1.35284 28.59948 2.70568 29.2 4.05852 28.59948 5.41136 29.2 6.7642 28.59948 8.11704 29.2 9.46988 28.59948 10.82272 29.2 12.17556 28.59948 13.5284 29.2 14.88124 
30.79944 0 31.4 1.35284 30.79944 2.70568 31.4 4.05852 30.79944 5.41136 31.4 6.7642 30.79944 8.11704 31.4 9.46988 30.79944 10.82272 31.4 12.17556 30.79944 13.5284 31.4 14.88124 
32.9994 0 33.6 1.35284 32.9994 2.70568 33.6 4.05852 32.9994 5.41136 33.6 6.7642 32.9994 8.11704 33.6 9.46988 32.9994 10.82272 33.6 12.17556 32.9994 13.5284 33.6 14.88124 
35.19936 0 35.8 1.35284 35.19936 2.70568 35.8 4.05852 35.19936 5.41136 35.8 6.7642 35.19936 8.11704 35.8 9.46988 35.19936 10.82272 35.8 12.17556 35.19936 13.5284 35.8 14.88124 
37.39932 0 38 1.35284 37.39932 2.70568 38 4.05852 37.39932 5.41136 38 6.7642 37.39932 8.11704 38 9.46988 37.39932 10.82272 38 12.17556 37.39932 13.5284 38 14.88124 
39.59928 0 40.2 1.35284 39.59928 2.70568 40.2 4.05852 39.59928 5.41136 40.2 6.7642 39.59928 8.11704 40.2 9.46988 39.59928 10.82272 40.2 12.17556 39.59928 13.5284 40.2 14.88124 
41.79924 0 42.4 1.35284 41.79924 2.70568 42.4 4.05852 41.79924 5.41136 42.4 6.7642 41.79924 8.11704 42.4 9.46988 41.79924 10.82272 42.4 12.17556 41.79924 13.5284 42.4 14.88124 
43.9992 0 44.6 1.35284 43.9992 2.70568 44.6 4.05852 43.9992 5.41136 44.6 6.7642 43.9992 8.11704 44.6 9.46988 43.9992 10.82272 44.6 12.17556 43.9992 13.5284 44.6 14.88124 
46.19916 0 46.8 1.35284 46.19916 2.70568 46.8 4.05852 46.19916 5.41136 46.8 6.7642 46.19916 8.11704 46.8 9.46988 46.19916 10.82272 46.8 12.17556 46.19916 13.5284 46.8 14.88124 
48.39912 0 49 1.35284 48.39912 2.70568 49 4.05852 48.39912 5.41136 49 6.7642 48.39912 8.11704 49 9.46988 48.39912 10.82272 49 12.17556 48.39912 13.5284 49 14.88124 
50.59908 0 51.2 1.35284 50.59908 2.70568 51.2 4.05852 50.59908 5.41136 51.2 6.7642 50.59908 8.11704 51.2 9.46988 50.59908 10.82272 51.2 12.17556 50.59908 13.5284 51.2 14.88124 
52.79904 0 53.4 1.35284 52.79904 2.70568 53.4 4.05852 52.79904 5.41136 53.4 6.7642 52.79904 8.11704 53.4 9.46988 52.79904 10.82272 53.4 12.17556 52.79904 13.5284 53.4 14.88124 
54.999 0 55.6 1.35284 54.999 2.70568 55.6 4.05852 54.999 5.41136 55.6 6.7642 54.999 8.11704 55.6 9.46988 54.999 10.82272 55.6 12.17556 54.999 13.5284 55.6 14.88124 
57.19896 0 57.8 1.35284 57.19896 2.70568 57.8 4.05852 57.19896 5.41136 57.8 6.7642 57.19896 8.11704 57.8 9.46988 57.19896 10.82272 57.8 12.17556 57.19896 13.5284 57.8 14.88124 
59.39892 0 60 1.35284 59.39892 2.70568 60 4.05852 59.39892 5.41136 60 6.7642 59.39892 8.11704 60 9.46988 59.39892 10.82272 60 12.17556 59.39892 13.5284 60 14.88124 
61.59888 0 62.2 1.35284 61.59888 2.70568 62.2 4.05852 61.59888 5.41136 62.2 6.7642 61.59888 8.11704 62.2 9.46988 61.59888 10.82272 62.2 12.17556 61.59888 13.5284 62.2 14.88124 
63.79884 0 64.4 1.35284 63.79884 2.70568 64.4 4.05852 63.79884 5.41136 64.4 6.7642 63.79884 8.11704 64.4 9.46988 63.79884 10.82272 64.4 12.17556 63.79884 13.5284 64.4 14.88124 
65.9988 0 66.6 1.35284 65.9988 2.70568 66.6 4.05852 65.9988 5.41136 66.6 6.7642 65.9988 8.11704 66.6 9.46988 65.9988 10.82272 66.6 12.17556 65.9988 13.5284 66.6 14.88124 
68.19876 0 68.8 1.35284 68.19876 2.70568 68.8 4.05852 68.19876 5.41136 68.8 6.7642 68.19876 8.11704 68.8 9.46988 68.19876 10.82272 68.8 12.17556 68.19876 13.5284 68.8 14.88124 
70.39872 0 71 1.35284 70.39872 2.70568 71 4.05852 70.39872 5.41136 71 6.7642 70.39872 8.11704 71 9.46988 70.39872 10.82272 71 12.17556 70.39872 13.5284 71 14.88124 
72.59868 0 73.2 1.35284 72.59868 2.70568 73.2 4.05852 72.59868 5.41136 73.2 6.7642 72.59868 8.11704 73.2 9.46988 72.59868 10.82272 73.2 12.17556 72.59868 13.5284 73.2 14.88124 
74.79864 0 75.4 1.35284 74.79864 2.70568 75.4 4.05852 74.79864 5.41136 75.4 6.7642 74.79864 8.11704 75.4 9.46988 74.79864 10.82272 75.4 12.17556 74.79864 13.5284 75.4 14.88124 
76.9986 0 77.6 1.35284 76.9986 2.70568 77.6 4.05852 76.9986 5.41136 77.6 6.7642 76.9986 8.11704 77.6 9.46988 76.9986 10.82272 77.6 12.17556 76.9986 13.5284 77.6 14.88124 
