# 2.1:0:1.45455:1.73343:4:3.95047:0.904921:2.83317:3.9492:1.72031:0.0462649:1.58406
# array of size 12
# plot "" u 1:2 pt 7 ps 2 lc -1, "" u 3:4 pt 7 ps 2 lc -1, "" u 5:6 pt 7 ps 2 lc -1, "" u 7:8 pt 7 ps 2 lc -1, "" u 9:10 pt 7 ps 2 lc -1, "" u 11:12 pt 7 ps 2 lc -1, "" u 13:14 pt 7 ps 2 lc -1, "" u 15:16 pt 7 ps 2 lc -1, "" u 17:18 pt 7 ps 2 lc -1, "" u 19:20 pt 7 ps 2 lc -1, "" u 21:22 pt 7 ps 2 lc -1, "" u 23:24 pt 7 ps 2 lc -1


-8.7273 0 -19.70282 1.73343 -20.86203 2.638351 -9.4580951 4.358661 -8.7273 6.458661 -19.70282 8.192091 -20.86203 9.097012 -9.4580951 10.817322 -8.7273 12.917322 -19.70282 14.650752 -20.86203 15.555673 -9.4580951 17.275983 
-7.27275 0 -15.75235 1.73343 -16.91283 2.638351 -7.8740351 4.358661 -7.27275 6.458661 -15.75235 8.192091 -16.91283 9.097012 -7.8740351 10.817322 -7.27275 12.917322 -15.75235 14.650752 -16.91283 15.555673 -7.8740351 17.275983 
-5.8182 0 -11.80188 1.73343 -12.96363 2.638351 -6.2899751 4.358661 -5.8182 6.458661 -11.80188 8.192091 -12.96363 9.097012 -6.2899751 10.817322 -5.8182 12.917322 -11.80188 14.650752 -12.96363 15.555673 -6.2899751 17.275983 
-4.36365 0 -7.85141 1.73343 -9.01443 2.638351 -4.7059151 4.358661 -4.36365 6.458661 -7.85141 8.192091 -9.01443 9.097012 -4.7059151 10.817322 -4.36365 12.917322 -7.85141 14.650752 -9.01443 15.555673 -4.7059151 17.275983 
-2.9091 0 -3.90094 1.73343 -5.06523 2.638351 -3.1218551 4.358661 -2.9091 6.458661 -3.90094 8.192091 -5.06523 9.097012 -3.1218551 10.817322 -2.9091 12.917322 -3.90094 14.650752 -5.06523 15.555673 -3.1218551 17.275983 
-1.45455 0 0.0495299999999999 1.73343 -1.11603 2.638351 -1.5377951 4.358661 -1.45455 6.458661 0.0495299999999999 8.192091 -1.11603 9.097012 -1.5377951 10.817322 -1.45455 12.917322 0.0495299999999999 14.650752 -1.11603 15.555673 -1.5377951 17.275983 
0 0 4 1.73343 2.83317 2.638351 0.0462649 4.358661 0 6.458661 4 8.192091 2.83317 9.097012 0.0462649 10.817322 0 12.917322 4 14.650752 2.83317 15.555673 0.0462649 17.275983 
1.45455 0 7.95047 1.73343 6.78237 2.638351 1.6303249 4.358661 1.45455 6.458661 7.95047 8.192091 6.78237 9.097012 1.6303249 10.817322 1.45455 12.917322 7.95047 14.650752 6.78237 15.555673 1.6303249 17.275983 
2.9091 0 11.90094 1.73343 10.73157 2.638351 3.2143849 4.358661 2.9091 6.458661 11.90094 8.192091 10.73157 9.097012 3.2143849 10.817322 2.9091 12.917322 11.90094 14.650752 10.73157 15.555673 3.2143849 17.275983 
4.36365 0 15.85141 1.73343 14.68077 2.638351 4.7984449 4.358661 4.36365 6.458661 15.85141 8.192091 14.68077 9.097012 4.7984449 10.817322 4.36365 12.917322 15.85141 14.650752 14.68077 15.555673 4.7984449 17.275983 
5.8182 0 19.80188 1.73343 18.62997 2.638351 6.3825049 4.358661 5.8182 6.458661 19.80188 8.192091 18.62997 9.097012 6.3825049 10.817322 5.8182 12.917322 19.80188 14.650752 18.62997 15.555673 6.3825049 17.275983 
7.27275 0 23.75235 1.73343 22.57917 2.638351 7.9665649 4.358661 7.27275 6.458661 23.75235 8.192091 22.57917 9.097012 7.9665649 10.817322 7.27275 12.917322 23.75235 14.650752 22.57917 15.555673 7.9665649 17.275983 
8.7273 0 27.70282 1.73343 26.52837 2.638351 9.5506249 4.358661 8.7273 6.458661 27.70282 8.192091 26.52837 9.097012 9.5506249 10.817322 8.7273 12.917322 27.70282 14.650752 26.52837 15.555673 9.5506249 17.275983 
10.18185 0 31.65329 1.73343 30.47757 2.638351 11.1346849 4.358661 10.18185 6.458661 31.65329 8.192091 30.47757 9.097012 11.1346849 10.817322 10.18185 12.917322 31.65329 14.650752 30.47757 15.555673 11.1346849 17.275983 
11.6364 0 35.60376 1.73343 34.42677 2.638351 12.7187449 4.358661 11.6364 6.458661 35.60376 8.192091 34.42677 9.097012 12.7187449 10.817322 11.6364 12.917322 35.60376 14.650752 34.42677 15.555673 12.7187449 17.275983 
13.09095 0 39.55423 1.73343 38.37597 2.638351 14.3028049 4.358661 13.09095 6.458661 39.55423 8.192091 38.37597 9.097012 14.3028049 10.817322 13.09095 12.917322 39.55423 14.650752 38.37597 15.555673 14.3028049 17.275983 
14.5455 0 43.5047 1.73343 42.32517 2.638351 15.8868649 4.358661 14.5455 6.458661 43.5047 8.192091 42.32517 9.097012 15.8868649 10.817322 14.5455 12.917322 43.5047 14.650752 42.32517 15.555673 15.8868649 17.275983 
16.00005 0 47.45517 1.73343 46.27437 2.638351 17.4709249 4.358661 16.00005 6.458661 47.45517 8.192091 46.27437 9.097012 17.4709249 10.817322 16.00005 12.917322 47.45517 14.650752 46.27437 15.555673 17.4709249 17.275983 
17.4546 0 51.40564 1.73343 50.22357 2.638351 19.0549849 4.358661 17.4546 6.458661 51.40564 8.192091 50.22357 9.097012 19.0549849 10.817322 17.4546 12.917322 51.40564 14.650752 50.22357 15.555673 19.0549849 17.275983 
18.90915 0 55.35611 1.73343 54.17277 2.638351 20.6390449 4.358661 18.90915 6.458661 55.35611 8.192091 54.17277 9.097012 20.6390449 10.817322 18.90915 12.917322 55.35611 14.650752 54.17277 15.555673 20.6390449 17.275983 
20.3637 0 59.30658 1.73343 58.12197 2.638351 22.2231049 4.358661 20.3637 6.458661 59.30658 8.192091 58.12197 9.097012 22.2231049 10.817322 20.3637 12.917322 59.30658 14.650752 58.12197 15.555673 22.2231049 17.275983 
21.81825 0 63.25705 1.73343 62.07117 2.638351 23.8071649 4.358661 21.81825 6.458661 63.25705 8.192091 62.07117 9.097012 23.8071649 10.817322 21.81825 12.917322 63.25705 14.650752 62.07117 15.555673 23.8071649 17.275983 
23.2728 0 67.20752 1.73343 66.02037 2.638351 25.3912249 4.358661 23.2728 6.458661 67.20752 8.192091 66.02037 9.097012 25.3912249 10.817322 23.2728 12.917322 67.20752 14.650752 66.02037 15.555673 25.3912249 17.275983 
24.72735 0 71.15799 1.73343 69.96957 2.638351 26.9752849 4.358661 24.72735 6.458661 71.15799 8.192091 69.96957 9.097012 26.9752849 10.817322 24.72735 12.917322 71.15799 14.650752 69.96957 15.555673 26.9752849 17.275983 
26.1819 0 75.10846 1.73343 73.91877 2.638351 28.5593449 4.358661 26.1819 6.458661 75.10846 8.192091 73.91877 9.097012 28.5593449 10.817322 26.1819 12.917322 75.10846 14.650752 73.91877 15.555673 28.5593449 17.275983 
27.63645 0 79.05893 1.73343 77.86797 2.638351 30.1434049 4.358661 27.63645 6.458661 79.05893 8.192091 77.86797 9.097012 30.1434049 10.817322 27.63645 12.917322 79.05893 14.650752 77.86797 15.555673 30.1434049 17.275983 
29.091 0 83.0094 1.73343 81.81717 2.638351 31.7274649 4.358661 29.091 6.458661 83.0094 8.192091 81.81717 9.097012 31.7274649 10.817322 29.091 12.917322 83.0094 14.650752 81.81717 15.555673 31.7274649 17.275983 
30.54555 0 86.95987 1.73343 85.76637 2.638351 33.3115249 4.358661 30.54555 6.458661 86.95987 8.192091 85.76637 9.097012 33.3115249 10.817322 30.54555 12.917322 86.95987 14.650752 85.76637 15.555673 33.3115249 17.275983 
32.0001 0 90.91034 1.73343 89.71557 2.638351 34.8955849 4.358661 32.0001 6.458661 90.91034 8.192091 89.71557 9.097012 34.8955849 10.817322 32.0001 12.917322 90.91034 14.650752 89.71557 15.555673 34.8955849 17.275983 
33.45465 0 94.86081 1.73343 93.66477 2.638351 36.4796449 4.358661 33.45465 6.458661 94.86081 8.192091 93.66477 9.097012 36.4796449 10.817322 33.45465 12.917322 94.86081 14.650752 93.66477 15.555673 36.4796449 17.275983 
34.9092 0 98.81128 1.73343 97.61397 2.638351 38.0637049 4.358661 34.9092 6.458661 98.81128 8.192091 97.61397 9.097012 38.0637049 10.817322 34.9092 12.917322 98.81128 14.650752 97.61397 15.555673 38.0637049 17.275983 
36.36375 0 102.76175 1.73343 101.56317 2.638351 39.6477649 4.358661 36.36375 6.458661 102.76175 8.192091 101.56317 9.097012 39.6477649 10.817322 36.36375 12.917322 102.76175 14.650752 101.56317 15.555673 39.6477649 17.275983 
37.8183 0 106.71222 1.73343 105.51237 2.638351 41.2318249 4.358661 37.8183 6.458661 106.71222 8.192091 105.51237 9.097012 41.2318249 10.817322 37.8183 12.917322 106.71222 14.650752 105.51237 15.555673 41.2318249 17.275983 
39.27285 0 110.66269 1.73343 109.46157 2.638351 42.8158849 4.358661 39.27285 6.458661 110.66269 8.192091 109.46157 9.097012 42.8158849 10.817322 39.27285 12.917322 110.66269 14.650752 109.46157 15.555673 42.8158849 17.275983 
40.7274 0 114.61316 1.73343 113.41077 2.638351 44.3999449 4.358661 40.7274 6.458661 114.61316 8.192091 113.41077 9.097012 44.3999449 10.817322 40.7274 12.917322 114.61316 14.650752 113.41077 15.555673 44.3999449 17.275983 
42.18195 0 118.56363 1.73343 117.35997 2.638351 45.9840049 4.358661 42.18195 6.458661 118.56363 8.192091 117.35997 9.097012 45.9840049 10.817322 42.18195 12.917322 118.56363 14.650752 117.35997 15.555673 45.9840049 17.275983 
43.6365 0 122.5141 1.73343 121.30917 2.638351 47.5680649 4.358661 43.6365 6.458661 122.5141 8.192091 121.30917 9.097012 47.5680649 10.817322 43.6365 12.917322 122.5141 14.650752 121.30917 15.555673 47.5680649 17.275983 
45.09105 0 126.46457 1.73343 125.25837 2.638351 49.1521249 4.358661 45.09105 6.458661 126.46457 8.192091 125.25837 9.097012 49.1521249 10.817322 45.09105 12.917322 126.46457 14.650752 125.25837 15.555673 49.1521249 17.275983 
46.5456 0 130.41504 1.73343 129.20757 2.638351 50.7361849 4.358661 46.5456 6.458661 130.41504 8.192091 129.20757 9.097012 50.7361849 10.817322 46.5456 12.917322 130.41504 14.650752 129.20757 15.555673 50.7361849 17.275983 
48.00015 0 134.36551 1.73343 133.15677 2.638351 52.3202449 4.358661 48.00015 6.458661 134.36551 8.192091 133.15677 9.097012 52.3202449 10.817322 48.00015 12.917322 134.36551 14.650752 133.15677 15.555673 52.3202449 17.275983 
49.4547 0 138.31598 1.73343 137.10597 2.638351 53.9043049 4.358661 49.4547 6.458661 138.31598 8.192091 137.10597 9.097012 53.9043049 10.817322 49.4547 12.917322 138.31598 14.650752 137.10597 15.555673 53.9043049 17.275983 
50.90925 0 142.26645 1.73343 141.05517 2.638351 55.4883649 4.358661 50.90925 6.458661 142.26645 8.192091 141.05517 9.097012 55.4883649 10.817322 50.90925 12.917322 142.26645 14.650752 141.05517 15.555673 55.4883649 17.275983 
