# 1.45367:0:2.28571:0.712555:1.12173:2.29276:1.4534:1.12173:2.29276:0.712556:0:2.28571
# array of size 12
# plot "" u 1:2 pt 7 ps 2 lc -1, "" u 3:4 pt 7 ps 2 lc -1, "" u 5:6 pt 7 ps 2 lc -1, "" u 7:8 pt 7 ps 2 lc -1, "" u 9:10 pt 7 ps 2 lc -1, "" u 11:12 pt 7 ps 2 lc -1, "" u 13:14 pt 7 ps 2 lc -1, "" u 15:16 pt 7 ps 2 lc -1, "" u 17:18 pt 7 ps 2 lc -1, "" u 19:20 pt 7 ps 2 lc -1, "" u 21:22 pt 7 ps 2 lc -1, "" u 23:24 pt 7 ps 2 lc -1


-13.71426 0 -12.63483 0.712555 -12.63483 2.165955 -13.71426 2.878511 -13.71426 4.332181 -12.63483 5.044736 -12.63483 6.498136 -13.71426 7.210692 -13.71426 8.664362 -12.63483 9.376917 -12.63483 10.830317 -13.71426 11.542873 
-11.42855 0 -10.34207 0.712555 -10.34207 2.165955 -11.42855 2.878511 -11.42855 4.332181 -10.34207 5.044736 -10.34207 6.498136 -11.42855 7.210692 -11.42855 8.664362 -10.34207 9.376917 -10.34207 10.830317 -11.42855 11.542873 
-9.14284 0 -8.04931 0.712555 -8.04931 2.165955 -9.14284 2.878511 -9.14284 4.332181 -8.04931 5.044736 -8.04931 6.498136 -9.14284 7.210692 -9.14284 8.664362 -8.04931 9.376917 -8.04931 10.830317 -9.14284 11.542873 
-6.85713 0 -5.75655 0.712555 -5.75655 2.165955 -6.85713 2.878511 -6.85713 4.332181 -5.75655 5.044736 -5.75655 6.498136 -6.85713 7.210692 -6.85713 8.664362 -5.75655 9.376917 -5.75655 10.830317 -6.85713 11.542873 
-4.57142 0 -3.46379 0.712555 -3.46379 2.165955 -4.57142 2.878511 -4.57142 4.332181 -3.46379 5.044736 -3.46379 6.498136 -4.57142 7.210692 -4.57142 8.664362 -3.46379 9.376917 -3.46379 10.830317 -4.57142 11.542873 
-2.28571 0 -1.17103 0.712555 -1.17103 2.165955 -2.28571 2.878511 -2.28571 4.332181 -1.17103 5.044736 -1.17103 6.498136 -2.28571 7.210692 -2.28571 8.664362 -1.17103 9.376917 -1.17103 10.830317 -2.28571 11.542873 
0 0 1.12173 0.712555 1.12173 2.165955 0 2.878511 0 4.332181 1.12173 5.044736 1.12173 6.498136 0 7.210692 0 8.664362 1.12173 9.376917 1.12173 10.830317 0 11.542873 
2.28571 0 3.41449 0.712555 3.41449 2.165955 2.28571 2.878511 2.28571 4.332181 3.41449 5.044736 3.41449 6.498136 2.28571 7.210692 2.28571 8.664362 3.41449 9.376917 3.41449 10.830317 2.28571 11.542873 
4.57142 0 5.70725 0.712555 5.70725 2.165955 4.57142 2.878511 4.57142 4.332181 5.70725 5.044736 5.70725 6.498136 4.57142 7.210692 4.57142 8.664362 5.70725 9.376917 5.70725 10.830317 4.57142 11.542873 
6.85713 0 8.00001 0.712555 8.00001 2.165955 6.85713 2.878511 6.85713 4.332181 8.00001 5.044736 8.00001 6.498136 6.85713 7.210692 6.85713 8.664362 8.00001 9.376917 8.00001 10.830317 6.85713 11.542873 
9.14284 0 10.29277 0.712555 10.29277 2.165955 9.14284 2.878511 9.14284 4.332181 10.29277 5.044736 10.29277 6.498136 9.14284 7.210692 9.14284 8.664362 10.29277 9.376917 10.29277 10.830317 9.14284 11.542873 
11.42855 0 12.58553 0.712555 12.58553 2.165955 11.42855 2.878511 11.42855 4.332181 12.58553 5.044736 12.58553 6.498136 11.42855 7.210692 11.42855 8.664362 12.58553 9.376917 12.58553 10.830317 11.42855 11.542873 
13.71426 0 14.87829 0.712555 14.87829 2.165955 13.71426 2.878511 13.71426 4.332181 14.87829 5.044736 14.87829 6.498136 13.71426 7.210692 13.71426 8.664362 14.87829 9.376917 14.87829 10.830317 13.71426 11.542873 
15.99997 0 17.17105 0.712555 17.17105 2.165955 15.99997 2.878511 15.99997 4.332181 17.17105 5.044736 17.17105 6.498136 15.99997 7.210692 15.99997 8.664362 17.17105 9.376917 17.17105 10.830317 15.99997 11.542873 
18.28568 0 19.46381 0.712555 19.46381 2.165955 18.28568 2.878511 18.28568 4.332181 19.46381 5.044736 19.46381 6.498136 18.28568 7.210692 18.28568 8.664362 19.46381 9.376917 19.46381 10.830317 18.28568 11.542873 
20.57139 0 21.75657 0.712555 21.75657 2.165955 20.57139 2.878511 20.57139 4.332181 21.75657 5.044736 21.75657 6.498136 20.57139 7.210692 20.57139 8.664362 21.75657 9.376917 21.75657 10.830317 20.57139 11.542873 
22.8571 0 24.04933 0.712555 24.04933 2.165955 22.8571 2.878511 22.8571 4.332181 24.04933 5.044736 24.04933 6.498136 22.8571 7.210692 22.8571 8.664362 24.04933 9.376917 24.04933 10.830317 22.8571 11.542873 
25.14281 0 26.34209 0.712555 26.34209 2.165955 25.14281 2.878511 25.14281 4.332181 26.34209 5.044736 26.34209 6.498136 25.14281 7.210692 25.14281 8.664362 26.34209 9.376917 26.34209 10.830317 25.14281 11.542873 
27.42852 0 28.63485 0.712555 28.63485 2.165955 27.42852 2.878511 27.42852 4.332181 28.63485 5.044736 28.63485 6.498136 27.42852 7.210692 27.42852 8.664362 28.63485 9.376917 28.63485 10.830317 27.42852 11.542873 
29.71423 0 30.92761 0.712555 30.92761 2.165955 29.71423 2.878511 29.71423 4.332181 30.92761 5.044736 30.92761 6.498136 29.71423 7.210692 29.71423 8.664362 30.92761 9.376917 30.92761 10.830317 29.71423 11.542873 
31.99994 0 33.22037 0.712555 33.22037 2.165955 31.99994 2.878511 31.99994 4.332181 33.22037 5.044736 33.22037 6.498136 31.99994 7.210692 31.99994 8.664362 33.22037 9.376917 33.22037 10.830317 31.99994 11.542873 
34.28565 0 35.51313 0.712555 35.51313 2.165955 34.28565 2.878511 34.28565 4.332181 35.51313 5.044736 35.51313 6.498136 34.28565 7.210692 34.28565 8.664362 35.51313 9.376917 35.51313 10.830317 34.28565 11.542873 
36.57136 0 37.80589 0.712555 37.80589 2.165955 36.57136 2.878511 36.57136 4.332181 37.80589 5.044736 37.80589 6.498136 36.57136 7.210692 36.57136 8.664362 37.80589 9.376917 37.80589 10.830317 36.57136 11.542873 
38.85707 0 40.09865 0.712555 40.09865 2.165955 38.85707 2.878511 38.85707 4.332181 40.09865 5.044736 40.09865 6.498136 38.85707 7.210692 38.85707 8.664362 40.09865 9.376917 40.09865 10.830317 38.85707 11.542873 
41.14278 0 42.39141 0.712555 42.39141 2.165955 41.14278 2.878511 41.14278 4.332181 42.39141 5.044736 42.39141 6.498136 41.14278 7.210692 41.14278 8.664362 42.39141 9.376917 42.39141 10.830317 41.14278 11.542873 
43.42849 0 44.68417 0.712555 44.68417 2.165955 43.42849 2.878511 43.42849 4.332181 44.68417 5.044736 44.68417 6.498136 43.42849 7.210692 43.42849 8.664362 44.68417 9.376917 44.68417 10.830317 43.42849 11.542873 
45.7142 0 46.97693 0.712555 46.97693 2.165955 45.7142 2.878511 45.7142 4.332181 46.97693 5.044736 46.97693 6.498136 45.7142 7.210692 45.7142 8.664362 46.97693 9.376917 46.97693 10.830317 45.7142 11.542873 
47.99991 0 49.26969 0.712555 49.26969 2.165955 47.99991 2.878511 47.99991 4.332181 49.26969 5.044736 49.26969 6.498136 47.99991 7.210692 47.99991 8.664362 49.26969 9.376917 49.26969 10.830317 47.99991 11.542873 
50.28562 0 51.56245 0.712555 51.56245 2.165955 50.28562 2.878511 50.28562 4.332181 51.56245 5.044736 51.56245 6.498136 50.28562 7.210692 50.28562 8.664362 51.56245 9.376917 51.56245 10.830317 50.28562 11.542873 
52.57133 0 53.85521 0.712555 53.85521 2.165955 52.57133 2.878511 52.57133 4.332181 53.85521 5.044736 53.85521 6.498136 52.57133 7.210692 52.57133 8.664362 53.85521 9.376917 53.85521 10.830317 52.57133 11.542873 
54.85704 0 56.14797 0.712555 56.14797 2.165955 54.85704 2.878511 54.85704 4.332181 56.14797 5.044736 56.14797 6.498136 54.85704 7.210692 54.85704 8.664362 56.14797 9.376917 56.14797 10.830317 54.85704 11.542873 
57.14275 0 58.44073 0.712555 58.44073 2.165955 57.14275 2.878511 57.14275 4.332181 58.44073 5.044736 58.44073 6.498136 57.14275 7.210692 57.14275 8.664362 58.44073 9.376917 58.44073 10.830317 57.14275 11.542873 
59.42846 0 60.73349 0.712555 60.73349 2.165955 59.42846 2.878511 59.42846 4.332181 60.73349 5.044736 60.73349 6.498136 59.42846 7.210692 59.42846 8.664362 60.73349 9.376917 60.73349 10.830317 59.42846 11.542873 
61.71417 0 63.02625 0.712555 63.02625 2.165955 61.71417 2.878511 61.71417 4.332181 63.02625 5.044736 63.02625 6.498136 61.71417 7.210692 61.71417 8.664362 63.02625 9.376917 63.02625 10.830317 61.71417 11.542873 
63.99988 0 65.31901 0.712555 65.31901 2.165955 63.99988 2.878511 63.99988 4.332181 65.31901 5.044736 65.31901 6.498136 63.99988 7.210692 63.99988 8.664362 65.31901 9.376917 65.31901 10.830317 63.99988 11.542873 
66.28559 0 67.61177 0.712555 67.61177 2.165955 66.28559 2.878511 66.28559 4.332181 67.61177 5.044736 67.61177 6.498136 66.28559 7.210692 66.28559 8.664362 67.61177 9.376917 67.61177 10.830317 66.28559 11.542873 
68.5713 0 69.90453 0.712555 69.90453 2.165955 68.5713 2.878511 68.5713 4.332181 69.90453 5.044736 69.90453 6.498136 68.5713 7.210692 68.5713 8.664362 69.90453 9.376917 69.90453 10.830317 68.5713 11.542873 
70.85701 0 72.19729 0.712555 72.19729 2.165955 70.85701 2.878511 70.85701 4.332181 72.19729 5.044736 72.19729 6.498136 70.85701 7.210692 70.85701 8.664362 72.19729 9.376917 72.19729 10.830317 70.85701 11.542873 
73.14272 0 74.49005 0.712555 74.49005 2.165955 73.14272 2.878511 73.14272 4.332181 74.49005 5.044736 74.49005 6.498136 73.14272 7.210692 73.14272 8.664362 74.49005 9.376917 74.49005 10.830317 73.14272 11.542873 
75.42843 0 76.78281 0.712555 76.78281 2.165955 75.42843 2.878511 75.42843 4.332181 76.78281 5.044736 76.78281 6.498136 75.42843 7.210692 75.42843 8.664362 76.78281 9.376917 76.78281 10.830317 75.42843 11.542873 
77.71414 0 79.07557 0.712555 79.07557 2.165955 77.71414 2.878511 77.71414 4.332181 79.07557 5.044736 79.07557 6.498136 77.71414 7.210692 77.71414 8.664362 79.07557 9.376917 79.07557 10.830317 77.71414 11.542873 
79.99985 0 81.36833 0.712555 81.36833 2.165955 79.99985 2.878511 79.99985 4.332181 81.36833 5.044736 81.36833 6.498136 79.99985 7.210692 79.99985 8.664362 81.36833 9.376917 81.36833 10.830317 79.99985 11.542873 
