# 1.45989:0:2.50548:0.727689:1.25181:2.50585:1.45989:1.25137:2.50596:0.72766:0:2.50547
# array of size 12
# plot "" u 1:2 pt 7 ps 2 lc -1, "" u 3:4 pt 7 ps 2 lc -1, "" u 5:6 pt 7 ps 2 lc -1, "" u 7:8 pt 7 ps 2 lc -1, "" u 9:10 pt 7 ps 2 lc -1, "" u 11:12 pt 7 ps 2 lc -1, "" u 13:14 pt 7 ps 2 lc -1, "" u 15:16 pt 7 ps 2 lc -1, "" u 17:18 pt 7 ps 2 lc -1, "" u 19:20 pt 7 ps 2 lc -1, "" u 21:22 pt 7 ps 2 lc -1, "" u 23:24 pt 7 ps 2 lc -1


-15.03288 0 -13.78329 0.727689 -13.78439 2.187579 -15.03282 2.915239 -15.03288 4.375129 -13.78329 5.102818 -13.78439 6.562708 -15.03282 7.290368 -15.03288 8.750258 -13.78329 9.477947 -13.78439 10.937837 -15.03282 11.665497 
-12.5274 0 -11.27744 0.727689 -11.27843 2.187579 -12.52735 2.915239 -12.5274 4.375129 -11.27744 5.102818 -11.27843 6.562708 -12.52735 7.290368 -12.5274 8.750258 -11.27744 9.477947 -11.27843 10.937837 -12.52735 11.665497 
-10.02192 0 -8.77159 0.727689 -8.77247 2.187579 -10.02188 2.915239 -10.02192 4.375129 -8.77159 5.102818 -8.77247 6.562708 -10.02188 7.290368 -10.02192 8.750258 -8.77159 9.477947 -8.77247 10.937837 -10.02188 11.665497 
-7.51644 0 -6.26574 0.727689 -6.26651 2.187579 -7.51641 2.915239 -7.51644 4.375129 -6.26574 5.102818 -6.26651 6.562708 -7.51641 7.290368 -7.51644 8.750258 -6.26574 9.477947 -6.26651 10.937837 -7.51641 11.665497 
-5.01096 0 -3.75989 0.727689 -3.76055 2.187579 -5.01094 2.915239 -5.01096 4.375129 -3.75989 5.102818 -3.76055 6.562708 -5.01094 7.290368 -5.01096 8.750258 -3.75989 9.477947 -3.76055 10.937837 -5.01094 11.665497 
-2.50548 0 -1.25404 0.727689 -1.25459 2.187579 -2.50547 2.915239 -2.50548 4.375129 -1.25404 5.102818 -1.25459 6.562708 -2.50547 7.290368 -2.50548 8.750258 -1.25404 9.477947 -1.25459 10.937837 -2.50547 11.665497 
0 0 1.25181 0.727689 1.25137 2.187579 0 2.915239 0 4.375129 1.25181 5.102818 1.25137 6.562708 0 7.290368 0 8.750258 1.25181 9.477947 1.25137 10.937837 0 11.665497 
2.50548 0 3.75766 0.727689 3.75733 2.187579 2.50547 2.915239 2.50548 4.375129 3.75766 5.102818 3.75733 6.562708 2.50547 7.290368 2.50548 8.750258 3.75766 9.477947 3.75733 10.937837 2.50547 11.665497 
5.01096 0 6.26351 0.727689 6.26329 2.187579 5.01094 2.915239 5.01096 4.375129 6.26351 5.102818 6.26329 6.562708 5.01094 7.290368 5.01096 8.750258 6.26351 9.477947 6.26329 10.937837 5.01094 11.665497 
7.51644 0 8.76936 0.727689 8.76925 2.187579 7.51641 2.915239 7.51644 4.375129 8.76936 5.102818 8.76925 6.562708 7.51641 7.290368 7.51644 8.750258 8.76936 9.477947 8.76925 10.937837 7.51641 11.665497 
10.02192 0 11.27521 0.727689 11.27521 2.187579 10.02188 2.915239 10.02192 4.375129 11.27521 5.102818 11.27521 6.562708 10.02188 7.290368 10.02192 8.750258 11.27521 9.477947 11.27521 10.937837 10.02188 11.665497 
12.5274 0 13.78106 0.727689 13.78117 2.187579 12.52735 2.915239 12.5274 4.375129 13.78106 5.102818 13.78117 6.562708 12.52735 7.290368 12.5274 8.750258 13.78106 9.477947 13.78117 10.937837 12.52735 11.665497 
15.03288 0 16.28691 0.727689 16.28713 2.187579 15.03282 2.915239 15.03288 4.375129 16.28691 5.102818 16.28713 6.562708 15.03282 7.290368 15.03288 8.750258 16.28691 9.477947 16.28713 10.937837 15.03282 11.665497 
17.53836 0 18.79276 0.727689 18.79309 2.187579 17.53829 2.915239 17.53836 4.375129 18.79276 5.102818 18.79309 6.562708 17.53829 7.290368 17.53836 8.750258 18.79276 9.477947 18.79309 10.937837 17.53829 11.665497 
20.04384 0 21.29861 0.727689 21.29905 2.187579 20.04376 2.915239 20.04384 4.375129 21.29861 5.102818 21.29905 6.562708 20.04376 7.290368 20.04384 8.750258 21.29861 9.477947 21.29905 10.937837 20.04376 11.665497 
22.54932 0 23.80446 0.727689 23.80501 2.187579 22.54923 2.915239 22.54932 4.375129 23.80446 5.102818 23.80501 6.562708 22.54923 7.290368 22.54932 8.750258 23.80446 9.477947 23.80501 10.937837 22.54923 11.665497 
25.0548 0 26.31031 0.727689 26.31097 2.187579 25.0547 2.915239 25.0548 4.375129 26.31031 5.102818 26.31097 6.562708 25.0547 7.290368 25.0548 8.750258 26.31031 9.477947 26.31097 10.937837 25.0547 11.665497 
27.56028 0 28.81616 0.727689 28.81693 2.187579 27.56017 2.915239 27.56028 4.375129 28.81616 5.102818 28.81693 6.562708 27.56017 7.290368 27.56028 8.750258 28.81616 9.477947 28.81693 10.937837 27.56017 11.665497 
30.06576 0 31.32201 0.727689 31.32289 2.187579 30.06564 2.915239 30.06576 4.375129 31.32201 5.102818 31.32289 6.562708 30.06564 7.290368 30.06576 8.750258 31.32201 9.477947 31.32289 10.937837 30.06564 11.665497 
32.57124 0 33.82786 0.727689 33.82885 2.187579 32.57111 2.915239 32.57124 4.375129 33.82786 5.102818 33.82885 6.562708 32.57111 7.290368 32.57124 8.750258 33.82786 9.477947 33.82885 10.937837 32.57111 11.665497 
35.07672 0 36.33371 0.727689 36.33481 2.187579 35.07658 2.915239 35.07672 4.375129 36.33371 5.102818 36.33481 6.562708 35.07658 7.290368 35.07672 8.750258 36.33371 9.477947 36.33481 10.937837 35.07658 11.665497 
37.5822 0 38.83956 0.727689 38.84077 2.187579 37.58205 2.915239 37.5822 4.375129 38.83956 5.102818 38.84077 6.562708 37.58205 7.290368 37.5822 8.750258 38.83956 9.477947 38.84077 10.937837 37.58205 11.665497 
40.08768 0 41.34541 0.727689 41.34673 2.187579 40.08752 2.915239 40.08768 4.375129 41.34541 5.102818 41.34673 6.562708 40.08752 7.290368 40.08768 8.750258 41.34541 9.477947 41.34673 10.937837 40.08752 11.665497 
42.59316 0 43.85126 0.727689 43.85269 2.187579 42.59299 2.915239 42.59316 4.375129 43.85126 5.102818 43.85269 6.562708 42.59299 7.290368 42.59316 8.750258 43.85126 9.477947 43.85269 10.937837 42.59299 11.665497 
45.09864 0 46.35711 0.727689 46.35865 2.187579 45.09846 2.915239 45.09864 4.375129 46.35711 5.102818 46.35865 6.562708 45.09846 7.290368 45.09864 8.750258 46.35711 9.477947 46.35865 10.937837 45.09846 11.665497 
47.60412 0 48.86296 0.727689 48.86461 2.187579 47.60393 2.915239 47.60412 4.375129 48.86296 5.102818 48.86461 6.562708 47.60393 7.290368 47.60412 8.750258 48.86296 9.477947 48.86461 10.937837 47.60393 11.665497 
50.1096 0 51.36881 0.727689 51.37057 2.187579 50.1094 2.915239 50.1096 4.375129 51.36881 5.102818 51.37057 6.562708 50.1094 7.290368 50.1096 8.750258 51.36881 9.477947 51.37057 10.937837 50.1094 11.665497 
52.61508 0 53.87466 0.727689 53.87653 2.187579 52.61487 2.915239 52.61508 4.375129 53.87466 5.102818 53.87653 6.562708 52.61487 7.290368 52.61508 8.750258 53.87466 9.477947 53.87653 10.937837 52.61487 11.665497 
55.12056 0 56.38051 0.727689 56.38249 2.187579 55.12034 2.915239 55.12056 4.375129 56.38051 5.102818 56.38249 6.562708 55.12034 7.290368 55.12056 8.750258 56.38051 9.477947 56.38249 10.937837 55.12034 11.665497 
57.62604 0 58.88636 0.727689 58.88845 2.187579 57.62581 2.915239 57.62604 4.375129 58.88636 5.102818 58.88845 6.562708 57.62581 7.290368 57.62604 8.750258 58.88636 9.477947 58.88845 10.937837 57.62581 11.665497 
60.13152 0 61.39221 0.727689 61.39441 2.187579 60.13128 2.915239 60.13152 4.375129 61.39221 5.102818 61.39441 6.562708 60.13128 7.290368 60.13152 8.750258 61.39221 9.477947 61.39441 10.937837 60.13128 11.665497 
62.637 0 63.89806 0.727689 63.90037 2.187579 62.63675 2.915239 62.637 4.375129 63.89806 5.102818 63.90037 6.562708 62.63675 7.290368 62.637 8.750258 63.89806 9.477947 63.90037 10.937837 62.63675 11.665497 
65.14248 0 66.40391 0.727689 66.40633 2.187579 65.14222 2.915239 65.14248 4.375129 66.40391 5.102818 66.40633 6.562708 65.14222 7.290368 65.14248 8.750258 66.40391 9.477947 66.40633 10.937837 65.14222 11.665497 
67.64796 0 68.90976 0.727689 68.91229 2.187579 67.64769 2.915239 67.64796 4.375129 68.90976 5.102818 68.91229 6.562708 67.64769 7.290368 67.64796 8.750258 68.90976 9.477947 68.91229 10.937837 67.64769 11.665497 
70.15344 0 71.41561 0.727689 71.41825 2.187579 70.15316 2.915239 70.15344 4.375129 71.41561 5.102818 71.41825 6.562708 70.15316 7.290368 70.15344 8.750258 71.41561 9.477947 71.41825 10.937837 70.15316 11.665497 
72.65892 0 73.92146 0.727689 73.92421 2.187579 72.65863 2.915239 72.65892 4.375129 73.92146 5.102818 73.92421 6.562708 72.65863 7.290368 72.65892 8.750258 73.92146 9.477947 73.92421 10.937837 72.65863 11.665497 
75.1644 0 76.42731 0.727689 76.43017 2.187579 75.1641 2.915239 75.1644 4.375129 76.42731 5.102818 76.43017 6.562708 75.1641 7.290368 75.1644 8.750258 76.42731 9.477947 76.43017 10.937837 75.1641 11.665497 
77.66988 0 78.93316 0.727689 78.93613 2.187579 77.66957 2.915239 77.66988 4.375129 78.93316 5.102818 78.93613 6.562708 77.66957 7.290368 77.66988 8.750258 78.93316 9.477947 78.93613 10.937837 77.66957 11.665497 
80.17536 0 81.43901 0.727689 81.44209 2.187579 80.17504 2.915239 80.17536 4.375129 81.43901 5.102818 81.44209 6.562708 80.17504 7.290368 80.17536 8.750258 81.43901 9.477947 81.44209 10.937837 80.17504 11.665497 
82.68084 0 83.94486 0.727689 83.94805 2.187579 82.68051 2.915239 82.68084 4.375129 83.94486 5.102818 83.94805 6.562708 82.68051 7.290368 82.68084 8.750258 83.94486 9.477947 83.94805 10.937837 82.68051 11.665497 
85.18632 0 86.45071 0.727689 86.45401 2.187579 85.18598 2.915239 85.18632 4.375129 86.45071 5.102818 86.45401 6.562708 85.18598 7.290368 85.18632 8.750258 86.45071 9.477947 86.45401 10.937837 85.18598 11.665497 
87.6918 0 88.95656 0.727689 88.95997 2.187579 87.69145 2.915239 87.6918 4.375129 88.95656 5.102818 88.95997 6.562708 87.69145 7.290368 87.6918 8.750258 88.95656 9.477947 88.95997 10.937837 87.69145 11.665497 
