# 1.33158:0:2.24728:1.33258:0.629098:2.24718:1.33339:0.000897072:2.24686:1.3325:0.62935:2.24702
# array of size 12
# plot "" u 1:2 pt 7 ps 2 lc -1, "" u 3:4 pt 7 ps 2 lc -1, "" u 5:6 pt 7 ps 2 lc -1, "" u 7:8 pt 7 ps 2 lc -1, "" u 9:10 pt 7 ps 2 lc -1, "" u 11:12 pt 7 ps 2 lc -1, "" u 13:14 pt 7 ps 2 lc -1, "" u 15:16 pt 7 ps 2 lc -1, "" u 17:18 pt 7 ps 2 lc -1, "" u 19:20 pt 7 ps 2 lc -1, "" u 21:22 pt 7 ps 2 lc -1, "" u 23:24 pt 7 ps 2 lc -1


-13.48368 0 -12.853982 1.33258 -13.480262928 2.66597 -12.85277 3.99847 -13.48368 5.33005 -12.853982 6.66263 -13.480262928 7.99602 -12.85277 9.32852 -13.48368 10.6601 -12.853982 11.99268 -13.480262928 13.32607 -12.85277 14.65857 
-11.2364 0 -10.606802 1.33258 -11.233402928 2.66597 -10.60575 3.99847 -11.2364 5.33005 -10.606802 6.66263 -11.233402928 7.99602 -10.60575 9.32852 -11.2364 10.6601 -10.606802 11.99268 -11.233402928 13.32607 -10.60575 14.65857 
-8.98912 0 -8.359622 1.33258 -8.986542928 2.66597 -8.35873 3.99847 -8.98912 5.33005 -8.359622 6.66263 -8.986542928 7.99602 -8.35873 9.32852 -8.98912 10.6601 -8.359622 11.99268 -8.986542928 13.32607 -8.35873 14.65857 
-6.74184 0 -6.112442 1.33258 -6.739682928 2.66597 -6.11171 3.99847 -6.74184 5.33005 -6.112442 6.66263 -6.739682928 7.99602 -6.11171 9.32852 -6.74184 10.6601 -6.112442 11.99268 -6.739682928 13.32607 -6.11171 14.65857 
-4.49456 0 -3.865262 1.33258 -4.492822928 2.66597 -3.86469 3.99847 -4.49456 5.33005 -3.865262 6.66263 -4.492822928 7.99602 -3.86469 9.32852 -4.49456 10.6601 -3.865262 11.99268 -4.492822928 13.32607 -3.86469 14.65857 
-2.24728 0 -1.618082 1.33258 -2.245962928 2.66597 -1.61767 3.99847 -2.24728 5.33005 -1.618082 6.66263 -2.245962928 7.99602 -1.61767 9.32852 -2.24728 10.6601 -1.618082 11.99268 -2.245962928 13.32607 -1.61767 14.65857 
0 0 0.629098 1.33258 0.000897072 2.66597 0.62935 3.99847 0 5.33005 0.629098 6.66263 0.000897072 7.99602 0.62935 9.32852 0 10.6601 0.629098 11.99268 0.000897072 13.32607 0.62935 14.65857 
2.24728 0 2.876278 1.33258 2.247757072 2.66597 2.87637 3.99847 2.24728 5.33005 2.876278 6.66263 2.247757072 7.99602 2.87637 9.32852 2.24728 10.6601 2.876278 11.99268 2.247757072 13.32607 2.87637 14.65857 
4.49456 0 5.123458 1.33258 4.494617072 2.66597 5.12339 3.99847 4.49456 5.33005 5.123458 6.66263 4.494617072 7.99602 5.12339 9.32852 4.49456 10.6601 5.123458 11.99268 4.494617072 13.32607 5.12339 14.65857 
6.74184 0 7.370638 1.33258 6.741477072 2.66597 7.37041 3.99847 6.74184 5.33005 7.370638 6.66263 6.741477072 7.99602 7.37041 9.32852 6.74184 10.6601 7.370638 11.99268 6.741477072 13.32607 7.37041 14.65857 
8.98912 0 9.617818 1.33258 8.988337072 2.66597 9.61743 3.99847 8.98912 5.33005 9.617818 6.66263 8.988337072 7.99602 9.61743 9.32852 8.98912 10.6601 9.617818 11.99268 8.988337072 13.32607 9.61743 14.65857 
11.2364 0 11.864998 1.33258 11.235197072 2.66597 11.86445 3.99847 11.2364 5.33005 11.864998 6.66263 11.235197072 7.99602 11.86445 9.32852 11.2364 10.6601 11.864998 11.99268 11.235197072 13.32607 11.86445 14.65857 
13.48368 0 14.112178 1.33258 13.482057072 2.66597 14.11147 3.99847 13.48368 5.33005 14.112178 6.66263 13.482057072 7.99602 14.11147 9.32852 13.48368 10.6601 14.112178 11.99268 13.482057072 13.32607 14.11147 14.65857 
15.73096 0 16.359358 1.33258 15.728917072 2.66597 16.35849 3.99847 15.73096 5.33005 16.359358 6.66263 15.728917072 7.99602 16.35849 9.32852 15.73096 10.6601 16.359358 11.99268 15.728917072 13.32607 16.35849 14.65857 
17.97824 0 18.606538 1.33258 17.975777072 2.66597 18.60551 3.99847 17.97824 5.33005 18.606538 6.66263 17.975777072 7.99602 18.60551 9.32852 17.97824 10.6601 18.606538 11.99268 17.975777072 13.32607 18.60551 14.65857 
20.22552 0 20.853718 1.33258 20.222637072 2.66597 20.85253 3.99847 20.22552 5.33005 20.853718 6.66263 20.222637072 7.99602 20.85253 9.32852 20.22552 10.6601 20.853718 11.99268 20.222637072 13.32607 20.85253 14.65857 
22.4728 0 23.100898 1.33258 22.469497072 2.66597 23.09955 3.99847 22.4728 5.33005 23.100898 6.66263 22.469497072 7.99602 23.09955 9.32852 22.4728 10.6601 23.100898 11.99268 22.469497072 13.32607 23.09955 14.65857 
24.72008 0 25.348078 1.33258 24.716357072 2.66597 25.34657 3.99847 24.72008 5.33005 25.348078 6.66263 24.716357072 7.99602 25.34657 9.32852 24.72008 10.6601 25.348078 11.99268 24.716357072 13.32607 25.34657 14.65857 
26.96736 0 27.595258 1.33258 26.963217072 2.66597 27.59359 3.99847 26.96736 5.33005 27.595258 6.66263 26.963217072 7.99602 27.59359 9.32852 26.96736 10.6601 27.595258 11.99268 26.963217072 13.32607 27.59359 14.65857 
29.21464 0 29.842438 1.33258 29.210077072 2.66597 29.84061 3.99847 29.21464 5.33005 29.842438 6.66263 29.210077072 7.99602 29.84061 9.32852 29.21464 10.6601 29.842438 11.99268 29.210077072 13.32607 29.84061 14.65857 
31.46192 0 32.089618 1.33258 31.456937072 2.66597 32.08763 3.99847 31.46192 5.33005 32.089618 6.66263 31.456937072 7.99602 32.08763 9.32852 31.46192 10.6601 32.089618 11.99268 31.456937072 13.32607 32.08763 14.65857 
33.7092 0 34.336798 1.33258 33.703797072 2.66597 34.33465 3.99847 33.7092 5.33005 34.336798 6.66263 33.703797072 7.99602 34.33465 9.32852 33.7092 10.6601 34.336798 11.99268 33.703797072 13.32607 34.33465 14.65857 
35.95648 0 36.583978 1.33258 35.950657072 2.66597 36.58167 3.99847 35.95648 5.33005 36.583978 6.66263 35.950657072 7.99602 36.58167 9.32852 35.95648 10.6601 36.583978 11.99268 35.950657072 13.32607 36.58167 14.65857 
38.20376 0 38.831158 1.33258 38.197517072 2.66597 38.82869 3.99847 38.20376 5.33005 38.831158 6.66263 38.197517072 7.99602 38.82869 9.32852 38.20376 10.6601 38.831158 11.99268 38.197517072 13.32607 38.82869 14.65857 
40.45104 0 41.078338 1.33258 40.444377072 2.66597 41.07571 3.99847 40.45104 5.33005 41.078338 6.66263 40.444377072 7.99602 41.07571 9.32852 40.45104 10.6601 41.078338 11.99268 40.444377072 13.32607 41.07571 14.65857 
42.69832 0 43.325518 1.33258 42.691237072 2.66597 43.32273 3.99847 42.69832 5.33005 43.325518 6.66263 42.691237072 7.99602 43.32273 9.32852 42.69832 10.6601 43.325518 11.99268 42.691237072 13.32607 43.32273 14.65857 
44.9456 0 45.572698 1.33258 44.938097072 2.66597 45.56975 3.99847 44.9456 5.33005 45.572698 6.66263 44.938097072 7.99602 45.56975 9.32852 44.9456 10.6601 45.572698 11.99268 44.938097072 13.32607 45.56975 14.65857 
47.19288 0 47.819878 1.33258 47.184957072 2.66597 47.81677 3.99847 47.19288 5.33005 47.819878 6.66263 47.184957072 7.99602 47.81677 9.32852 47.19288 10.6601 47.819878 11.99268 47.184957072 13.32607 47.81677 14.65857 
49.44016 0 50.067058 1.33258 49.431817072 2.66597 50.06379 3.99847 49.44016 5.33005 50.067058 6.66263 49.431817072 7.99602 50.06379 9.32852 49.44016 10.6601 50.067058 11.99268 49.431817072 13.32607 50.06379 14.65857 
51.68744 0 52.314238 1.33258 51.678677072 2.66597 52.31081 3.99847 51.68744 5.33005 52.314238 6.66263 51.678677072 7.99602 52.31081 9.32852 51.68744 10.6601 52.314238 11.99268 51.678677072 13.32607 52.31081 14.65857 
53.93472 0 54.561418 1.33258 53.925537072 2.66597 54.55783 3.99847 53.93472 5.33005 54.561418 6.66263 53.925537072 7.99602 54.55783 9.32852 53.93472 10.6601 54.561418 11.99268 53.925537072 13.32607 54.55783 14.65857 
56.182 0 56.808598 1.33258 56.172397072 2.66597 56.80485 3.99847 56.182 5.33005 56.808598 6.66263 56.172397072 7.99602 56.80485 9.32852 56.182 10.6601 56.808598 11.99268 56.172397072 13.32607 56.80485 14.65857 
58.42928 0 59.055778 1.33258 58.419257072 2.66597 59.05187 3.99847 58.42928 5.33005 59.055778 6.66263 58.419257072 7.99602 59.05187 9.32852 58.42928 10.6601 59.055778 11.99268 58.419257072 13.32607 59.05187 14.65857 
60.67656 0 61.302958 1.33258 60.666117072 2.66597 61.29889 3.99847 60.67656 5.33005 61.302958 6.66263 60.666117072 7.99602 61.29889 9.32852 60.67656 10.6601 61.302958 11.99268 60.666117072 13.32607 61.29889 14.65857 
62.92384 0 63.550138 1.33258 62.912977072 2.66597 63.54591 3.99847 62.92384 5.33005 63.550138 6.66263 62.912977072 7.99602 63.54591 9.32852 62.92384 10.6601 63.550138 11.99268 62.912977072 13.32607 63.54591 14.65857 
65.17112 0 65.797318 1.33258 65.159837072 2.66597 65.79293 3.99847 65.17112 5.33005 65.797318 6.66263 65.159837072 7.99602 65.79293 9.32852 65.17112 10.6601 65.797318 11.99268 65.159837072 13.32607 65.79293 14.65857 
67.4184 0 68.044498 1.33258 67.406697072 2.66597 68.03995 3.99847 67.4184 5.33005 68.044498 6.66263 67.406697072 7.99602 68.03995 9.32852 67.4184 10.6601 68.044498 11.99268 67.406697072 13.32607 68.03995 14.65857 
69.66568 0 70.291678 1.33258 69.653557072 2.66597 70.28697 3.99847 69.66568 5.33005 70.291678 6.66263 69.653557072 7.99602 70.28697 9.32852 69.66568 10.6601 70.291678 11.99268 69.653557072 13.32607 70.28697 14.65857 
71.91296 0 72.538858 1.33258 71.900417072 2.66597 72.53399 3.99847 71.91296 5.33005 72.538858 6.66263 71.900417072 7.99602 72.53399 9.32852 71.91296 10.6601 72.538858 11.99268 71.900417072 13.32607 72.53399 14.65857 
74.16024 0 74.786038 1.33258 74.147277072 2.66597 74.78101 3.99847 74.16024 5.33005 74.786038 6.66263 74.147277072 7.99602 74.78101 9.32852 74.16024 10.6601 74.786038 11.99268 74.147277072 13.32607 74.78101 14.65857 
76.40752 0 77.033218 1.33258 76.394137072 2.66597 77.02803 3.99847 76.40752 5.33005 77.033218 6.66263 76.394137072 7.99602 77.02803 9.32852 76.40752 10.6601 77.033218 11.99268 76.394137072 13.32607 77.02803 14.65857 
78.6548 0 79.280398 1.33258 78.640997072 2.66597 79.27505 3.99847 78.6548 5.33005 79.280398 6.66263 78.640997072 7.99602 79.27505 9.32852 78.6548 10.6601 79.280398 11.99268 78.640997072 13.32607 79.27505 14.65857 
