10 -447.08
21 -450.152
29 -395.569
46 -435.224
60 -101.399
110 -442.983
121 -196.629
126 -206.588
149 -439.027
155 -394.976
165 -452.944
180 -451.158
184 -229.548
188 -102.431
196 -450.996
246 -442.984
252 -199.544
266 -453.486
316 -442.977
325 -198.496
342 -440.095
358 -451.574
370 -448.936
381 -453.682
397 -438.362
406 -199.171
438 -420.61
443 -180.431
456 -446.921
463 -420.031
481 -429
532 -442.978
546 -453.393
562 -259.075
587 -260.54
606 -452.49
633 -305.141
643 -453.678
655 -430.836
670 -453.68
685 -435.742
698 -452.308
715 -429.965
732 -186.957
750 -450.314
762 -452.809
812 -442.985
819 -136.585
824 -191.721
853 -189.138
862 -430.427
879 -436.393
882 -134.302
911 -428.254
926 -442.926
976 -442.985
985 -430.427
990 -214.351
1005 -452.198
1009 -192.947
1034 -246.628
1043 -430.427
1057 -195.064
1065 -422.446
1090 -224.8
1140 -442.984
1163 -204.224
1175 -450.404
1185 -430.427
1190 -409.555
1197 -193.746
