16 -450.633
24 -424.052
37 -444.956
46 -430.427
54 -424.052
72 -210.316
82 -425.447
95 -450.632
102 -430.427
127 -242.88
134 -412.525
144 -441.198
156 -424.696
160 -42.7408
168 -423.917
213 -396.806
214 -41.263
246 -421.817
252 -238.027
269 -425.402
280 -410.531
287 -424.053
300 -450.633
308 -424.053
315 -425.063
345 -281.542
359 -450.633
404 -403.087
418 -450.633
433 -427.93
446 -450.633
455 -419.653
467 -411.095
496 -419.867
523 -416.916
532 -424.053
546 -450.633
557 -450.633
568 -433.277
575 -307.313
598 -425.93
610 -450.633
625 -453.631
647 -426.598
659 -450.633
698 -422.435
706 -424.938
715 -416.835
726 -433.465
736 -430.427
748 -424.637
763 -450.633
785 -422.93
801 -289.182
811 -446.762
822 -430.427
832 -408.809
844 -450.633
850 -400.554
874 -406.65
887 -442.511
917 -419.811
931 -443.332
941 -425.209
958 -450.633
985 -429.242
1005 -405.872
1017 -421.666
1028 -421.773
1036 -412.129
1064 -243.212
1074 -450.633
1091 -436.559
1100 -417.288
1141 -391.906
1172 -419.867
1180 -415.364
1192 -450.632
