9 -450.633
114 -442.985
164 -442.985
214 -442.985
263 -442.985
276 -95.0221
326 -442.985
376 -442.985
381 -123.629
393 -91.2145
405 -90.7334
455 -442.985
504 -442.985
553 -442.985
603 -442.985
614 -453.647
683 -156.632
694 -425.37
705 -425.37
711 -413.918
717 -413.918
723 -422.496
734 -450.632
744 -453.679
808 -453.698
871 -435.586
884 -435.586
891 -453.64
899 -453.64
927 -425.077
942 -127.943
952 -420.184
973 -405.544
986 -402.842
1008 -405.544
1038 -396.499
1071 -400.549
1078 -419.589
1106 -419.867
1115 -441.643
1124 -418.517
1136 -447.109
1147 -453.685
1157 -453.654
1166 -433.268
1179 -450.633
1187 -404.129
1199 -450.633
