1 -327.435
5 -337.292
10 -297.859
11 -324.702
14 -244.307
18 -304.25
23 -243.57
32 -299.981
33 -314.42
38 -244.523
39 -167.161
48 -311.42
49 -316.886
54 -191.161
54 -327.527
55 -323.447
55 -139.484
60 -348.258
61 -320.235
85 -305.737
86 -325.523
86 -320.782
87 -329.01
99 -227.755
101 -258.406
109 -190.539
114 -281.891
115 -313.945
117 -332.178
123 -225.935
125 -288.003
125 -329.146
146 -319.153
149 -293.456
151 -331.088
165 -277.214
166 -324.702
170 -332.526
178 -334.764
181 -188.689
183 -283.353
186 -232.877
191 -325.849
195 -419.154
195 -321.078
196 -320.366
198 -328.291
199 -313.599
201 -206.707
212 -286.466
214 -316.595
223 -230.881
228 -194.569
229 -325.444
230 -185.055
235 -134.318
237 -324.068
238 -324.704
241 -333.712
243 -328.256
263 -306.115
265 -317.84
267 -224.399
267 -299.271
287 -243.888
290 -302.085
306 -301.065
308 -329.793
309 -324.247
310 -315.544
311 -212.157
316 -207.136
318 -328.574
318 -328.604
321 -331.683
324 -206.642
325 -331.001
330 -303.173
346 -301.064
346 -162.227
347 -321.697
348 -208.544
349 -221.917
358 -233.454
359 -317.828
361 -313.599
368 -306.255
369 -313.601
373 -316.6
374 -167.834
379 -332.526
381 -334.31
385 -244.496
385 -318.278
387 -199.343
412 -318.132
413 -322.928
429 -301.064
435 -323.133
437 -224.11
439 -315.768
445 -351.135
445 -325.523
452 -266.039
481 -318.004
482 -231.118
483 -332.595
487 -352.797
501 -384.563
502 -322.681
505 -332.526
507 -319.557
516 -233.787
523 -231.367
524 -220.782
525 -321.04
527 -314.173
531 -295.548
532 -325.172
532 -320.667
533 -321.141
537 -298.649
542 -292.729
542 -92.9909
543 -328.602
546 -243.983
547 -314.416
548 -329.145
559 -290.902
560 -327.623
564 -314.453
570 -361.875
570 -203.27
572 -328.167
583 -263.217
584 -330.272
590 -216.413
591 -320.807
596 -187.348
599 -320.543
600 -237.887
602 -317.459
603 -314.416
606 -231.972
611 -351.291
613 -224.338
614 -317.5
615 -211.047
615 -205.886
616 -327.867
619 -331.109
635 -301.064
638 -222.26
639 -222.264
641 -317.459
649 -175.612
655 -332.526
655 -209.257
660 -183.962
663 -331.109
691 -316.303
692 -325.523
697 -189.747
709 -225.14
717 -322.332
718 -325.325
720 -226.608
724 -232.933
725 -324.521
726 -318.278
727 -325.523
729 -223.972
730 -328.584
730 -242.331
731 -332.364
751 -310.217
754 -217.208
757 -213.586
759 -328.412
763 -413.297
769 -326.062
783 -304.633
784 -134.318
802 -324.285
805 -322.117
806 -324.704
811 -305.075
815 -279.708
816 -324.728
817 -185.055
817 -176.182
818 -328.567
819 -316.289
822 -317.459
832 -227.745
832 -325.522
840 -234.209
846 -316.351
849 -277.062
850 -324.493
865 -321.242
870 -354.434
871 -324.701
871 -215.869
872 -323.199
874 -257.438
875 -321.079
877 -313.836
878 -321.871
879 -331.894
883 -244.536
884 -325.523
885 -323.658
885 -329.108
887 -324.183
888 -310.796
888 -325.428
890 -233.746
904 -324.36
922 -246.905
925 -219.06
926 -324.702
929 -336.98
937 -299.521
940 -248.911
946 -244.39
947 -325.053
949 -313.607
960 -286.971
962 -287.751
967 -317.096
967 -209.257
973 -193.905
977 -305.515
979 -313.836
983 -200.762
987 -232.927
989 -315.936
990 -321.899
990 -206.191
992 -318.043
994 -316.737
1007 -227.769
1024 -252.548
1047 -322.091
1048 -329.146
1062 -301.065
1066 -232.431
1068 -316.468
1069 -329.142
1071 -251.744
1075 -191.765
1076 -324.543
1077 -320.97
1077 -327.579
1080 -222.642
1081 -317.423
1090 -213.403
1094 -355.002
1095 -332.398
1117 -278.322
1121 -207.444
1121 -328.325
1129 -219.215
1130 -325.126
1130 -329.936
1147 -228.209
1161 -226.357
1165 -311.049
1167 -318.043
1167 -276.404
1168 -322.712
1171 -304.988
1180 -230.881
1181 -324.702
1182 -328.266
1183 -316.905
1187 -229.958
1192 -216.263
1195 -221.222
1195 -326.049
1197 -227.309
1198 -324.448
1199 -314.42
