9 -233.215
13 -187.275
17 -309.668
25 -244.487
28 -314.708
33 -361.876
36 -244.514
39 -331.441
43 -334.978
45 -188.307
53 -250.795
57 -351.633
66 -329.129
69 -315.852
89 -230.818
117 -318.122
117 -164.085
120 -332.35
125 -317.459
134 -258.353
138 -352.686
140 -327.911
153 -234.08
158 -313.798
164 -336.05
172 -304.345
173 -328.136
181 -334.764
190 -301.298
193 -328.478
198 -317.459
208 -266.039
218 -309.707
229 -324.443
236 -327.352
243 -304.359
248 -244.624
252 -310.312
265 -332.526
269 -326.215
271 -325.165
278 -236.511
290 -227.014
292 -316.902
297 -337.814
303 -332.526
309 -309.302
312 -231.116
319 -314.71
325 -244.686
330 -352.978
334 -244.514
336 -325.518
337 -329.146
347 -192.2
351 -183.371
357 -311.463
363 -354.198
369 -337.814
373 -314.914
399 -318.132
405 -334.762
410 -337.352
411 -324.702
421 -324.007
423 -283.632
429 -304.359
432 -244.655
453 -309.254
458 -230.478
473 -384.491
487 -286.97
502 -325.979
504 -324.689
508 -244.554
511 -244.622
512 -325.066
517 -298.93
521 -244.686
525 -333.379
530 -208.251
536 -229.4
539 -328.496
541 -318.043
545 -244.686
546 -332.012
554 -223.224
561 -323.583
588 -327.748
593 -229.786
594 -327.892
599 -328.244
603 -351.293
609 -352.797
615 -337.814
623 -334.764
624 -324.702
641 -230.773
647 -325.183
649 -206.412
658 -198.643
663 -330.4
666 -318.043
670 -333.504
673 -327.934
676 -208.209
677 -328.098
681 -346.874
703 -305.737
704 -329.146
710 -336.656
734 -305.701
740 -337.814
743 -244.524
748 -394.086
752 -301.87
757 -335.427
758 -317.457
763 -419.417
770 -323.133
776 -316.422
786 -244.686
790 -327.473
791 -326.823
800 -214.066
801 -329.146
807 -244.686
811 -244.555
815 -353.625
820 -244.59
831 -204.883
846 -328.197
850 -353.459
855 -351.603
856 -322.87
865 -321.247
871 -353.575
880 -308.577
889 -244.486
892 -327.9
901 -190.347
911 -419.417
914 -314.194
919 -244.179
923 -354.511
925 -239.761
941 -230.88
945 -190.357
949 -323.425
954 -334.188
957 -372.922
962 -351.338
965 -324.645
967 -219.814
972 -352.336
973 -201.545
979 -352.243
982 -244.655
983 -327.602
987 -260.361
988 -324.621
990 -330.086
996 -244.645
997 -324.701
1004 -355.046
1008 -351.257
1021 -233.624
1026 -337.53
1029 -319.025
1033 -352.294
1036 -327.906
1041 -337.814
1044 -314.801
1046 -318.043
1047 -328.101
1052 -337.813
1061 -244.686
1066 -351.179
1070 -244.564
1092 -305.728
1099 -355.082
1100 -329.143
1103 -227.228
1105 -331.724
1125 -325.949
1126 -318.029
1130 -337.287
1134 -338.691
1139 -313.015
1144 -337.453
1149 -353.356
1151 -325.482
1173 -305.737
1174 -325.523
1176 -179.955
1185 -332.526
1199 -384.548
