10 -291.061
15 -323.662
20 -317.249
26 -419.364
35 -419.351
42 -419.366
46 -334.158
54 -327.7
63 -320.233
68 -323.712
73 -405.375
79 -334.764
86 -310.222
89 -322.161
97 -321.793
104 -269.951
112 -419.347
118 -340.508
124 -291.098
136 -279.889
141 -323.126
147 -340.508
154 -291.098
162 -279.848
166 -302.102
174 -324.231
179 -292.4
182 -394.36
188 -419.385
195 -324.231
200 -292.4
211 -279.875
214 -390.827
236 -361.794
242 -291.098
264 -361.795
271 -419.416
293 -361.794
296 -247.212
300 -394.473
301 -269.923
308 -318.569
313 -292.4
318 -281.492
323 -323.121
329 -318.569
335 -292.882
347 -279.896
352 -323.126
358 -340.508
364 -291.098
368 -394.359
374 -419.259
379 -340.508
386 -291.098
397 -323.99
404 -419.084
411 -324.231
416 -292.4
421 -281.535
421 -165.317
429 -324.231
434 -292.4
437 -394.086
443 -419.406
465 -361.794
471 -291.098
477 -281.662
498 -302.405
520 -361.794
526 -291.098
531 -281.654
536 -323.121
543 -318.569
548 -292.4
550 -279.886
557 -299.53
563 -318.569
568 -292.4
575 -419.416
586 -408.388
588 -325.521
599 -408.388
606 -419.405
610 -400.097
620 -334.683
631 -408.432
639 -334.758
643 -400.022
649 -334.692
653 -314.448
658 -325.91
662 -314.448
663 -325.523
674 -408.432
681 -419.405
684 -363.794
694 -334.683
698 -363.794
705 -419.405
716 -408.388
726 -334.683
737 -408.432
750 -272.78
761 -408.432
763 -335.022
774 -408.432
782 -419.405
785 -363.794
794 -334.683
798 -363.794
817 -322.223
820 -306.307
824 -313.705
829 -327.535
838 -290.698
840 -317.991
841 -318.043
847 -332.526
852 -323.621
858 -327.477
861 -308.049
865 -313.27
884 -322.199
885 -329.142
885 -329.142
889 -309.346
891 -318.043
909 -322.223
912 -306.307
916 -313.705
922 -327.535
931 -290.698
933 -317.991
934 -318.043
938 -309.346
943 -323.621
949 -327.477
952 -308.049
958 -332.526
977 -322.199
978 -329.142
978 -329.142
982 -309.346
983 -318.043
1002 -322.223
1005 -306.307
1009 -313.705
1015 -327.535
1024 -290.698
1025 -317.991
1027 -318.043
1031 -309.346
1036 -323.621
1042 -327.477
1045 -308.049
1051 -332.526
1070 -322.199
1070 -329.142
1071 -329.142
1081 -317.344
1082 -317.509
1101 -322.223
1104 -306.307
1108 -313.705
1114 -327.535
1123 -290.698
1124 -317.991
1126 -318.043
1130 -309.346
1135 -323.621
1141 -327.587
1144 -315.695
1150 -332.526
1169 -322.199
1170 -317.612
1172 -314.204
1177 -334.727
1181 -354.182
1183 -332.499
1184 -300.184
1185 -318.043
1187 -332.499
1188 -318.043
1191 -332.499
1192 -318.043
1194 -332.499
