4 -314.489
29 -314.489
35 -293.043
44 -419.417
73 -269.933
94 -302.303
103 -419.417
127 -314.489
130 -314.489
151 -303.437
171 -303.579
180 -419.417
188 -419.417
194 -419.417
207 -267.633
210 -314.489
213 -280.132
234 -304.515
254 -304.125
258 -305.195
263 -305.195
265 -314.489
269 -280.132
273 -393.704
280 -419.417
305 -393.704
313 -293.043
322 -217.522
328 -419.417
348 -322.223
355 -293.043
368 -213.947
380 -268.829
389 -291.317
402 -218.141
410 -291.317
423 -218.141
436 -218.141
449 -268.818
449 -247.97
450 -247.97
452 -227.306
454 -247.97
459 -247.97
460 -247.97
461 -247.97
462 -247.97
467 -247.97
471 -247.97
475 -227.306
479 -247.97
494 -384.56
499 -247.97
503 -247.97
504 -247.97
505 -247.97
506 -247.97
508 -247.97
511 -247.97
512 -247.97
515 -235.307
518 -247.97
519 -247.97
520 -247.97
525 -247.97
532 -289.299
533 -247.97
536 -247.97
545 -225.513
551 -237.638
551 -227.306
556 -247.97
561 -247.97
565 -247.97
567 -235.307
588 -361.792
589 -247.97
603 -384.562
618 -384.562
638 -361.792
643 -247.97
648 -419.417
651 -247.97
671 -361.792
673 -247.97
675 -247.97
679 -247.97
694 -384.562
696 -280.709
697 -280.709
702 -247.97
703 -233.02
703 -227.306
709 -281.417
715 -237.638
717 -247.97
737 -361.792
743 -281.417
746 -247.97
750 -267.816
754 -292.086
758 -267.816
762 -247.97
768 -281.417
773 -247.97
778 -281.417
784 -306.403
789 -281.417
807 -300.123
811 -247.97
816 -247.97
821 -281.417
831 -279.618
832 -268.635
850 -300.123
851 -247.97
852 -227.306
856 -227.306
859 -247.97
861 -247.97
876 -384.565
878 -268.635
879 -268.635
880 -247.97
882 -247.97
884 -268.635
885 -233.02
886 -233.02
891 -247.97
892 -247.97
895 -247.97
899 -247.97
904 -247.97
924 -361.791
927 -247.97
947 -361.791
955 -284.86
970 -313.267
974 -279.619
975 -268.635
979 -247.97
999 -361.791
1004 -247.97
1019 -275.504
1034 -384.559
1039 -247.97
1054 -275.505
1055 -247.97
1057 -247.97
1072 -384.564
1077 -247.97
1078 -247.97
1079 -227.306
1084 -281.417
1099 -384.564
1103 -247.97
1108 -247.97
1113 -267.816
1121 -313.267
1136 -384.565
1146 -279.618
1151 -247.97
1156 -247.97
1162 -310.816
1163 -268.635
1166 -234.384
1169 -234.384
1170 -247.97
1175 -247.97
1189 -384.562
1197 -284.86
