# 0.86635:0.141465:0.961978:0.86635:0.635704:0.960268:0.866349:2.06542:0.961977:0.86635:0.635704:0.960268
# array of size 12
# plot "" u 1:2 pt 7 ps 2 lc -1, "" u 3:4 pt 7 ps 2 lc -1, "" u 5:6 pt 7 ps 2 lc -1, "" u 7:8 pt 7 ps 2 lc -1, "" u 9:10 pt 7 ps 2 lc -1, "" u 11:12 pt 7 ps 2 lc -1, "" u 13:14 pt 7 ps 2 lc -1, "" u 15:16 pt 7 ps 2 lc -1, "" u 17:18 pt 7 ps 2 lc -1, "" u 19:20 pt 7 ps 2 lc -1, "" u 21:22 pt 7 ps 2 lc -1, "" u 23:24 pt 7 ps 2 lc -1


-5.630403 0 -5.125904 0.86635 -3.706442 1.732699 -5.125904 2.599049 -5.630403 3.465399 -5.125904 4.331749 -3.706442 5.198098 -5.125904 6.064448 -5.630403 6.930798 -5.125904 7.797148 -3.706442 8.663497 -5.125904 9.529847 
-4.668425 0 -4.165636 0.86635 -2.744465 1.732699 -4.165636 2.599049 -4.668425 3.465399 -4.165636 4.331749 -2.744465 5.198098 -4.165636 6.064448 -4.668425 6.930798 -4.165636 7.797148 -2.744465 8.663497 -4.165636 9.529847 
-3.706447 0 -3.205368 0.86635 -1.782488 1.732699 -3.205368 2.599049 -3.706447 3.465399 -3.205368 4.331749 -1.782488 5.198098 -3.205368 6.064448 -3.706447 6.930798 -3.205368 7.797148 -1.782488 8.663497 -3.205368 9.529847 
-2.744469 0 -2.2451 0.86635 -0.820511 1.732699 -2.2451 2.599049 -2.744469 3.465399 -2.2451 4.331749 -0.820511 5.198098 -2.2451 6.064448 -2.744469 6.930798 -2.2451 7.797148 -0.820511 8.663497 -2.2451 9.529847 
-1.782491 0 -1.284832 0.86635 0.141466 1.732699 -1.284832 2.599049 -1.782491 3.465399 -1.284832 4.331749 0.141466 5.198098 -1.284832 6.064448 -1.782491 6.930798 -1.284832 7.797148 0.141466 8.663497 -1.284832 9.529847 
-0.820513 0 -0.324564 0.86635 1.103443 1.732699 -0.324564 2.599049 -0.820513 3.465399 -0.324564 4.331749 1.103443 5.198098 -0.324564 6.064448 -0.820513 6.930798 -0.324564 7.797148 1.103443 8.663497 -0.324564 9.529847 
0.141465 0 0.635704 0.86635 2.06542 1.732699 0.635704 2.599049 0.141465 3.465399 0.635704 4.331749 2.06542 5.198098 0.635704 6.064448 0.141465 6.930798 0.635704 7.797148 2.06542 8.663497 0.635704 9.529847 
1.103443 0 1.595972 0.86635 3.027397 1.732699 1.595972 2.599049 1.103443 3.465399 1.595972 4.331749 3.027397 5.198098 1.595972 6.064448 1.103443 6.930798 1.595972 7.797148 3.027397 8.663497 1.595972 9.529847 
2.065421 0 2.55624 0.86635 3.989374 1.732699 2.55624 2.599049 2.065421 3.465399 2.55624 4.331749 3.989374 5.198098 2.55624 6.064448 2.065421 6.930798 2.55624 7.797148 3.989374 8.663497 2.55624 9.529847 
3.027399 0 3.516508 0.86635 4.951351 1.732699 3.516508 2.599049 3.027399 3.465399 3.516508 4.331749 4.951351 5.198098 3.516508 6.064448 3.027399 6.930798 3.516508 7.797148 4.951351 8.663497 3.516508 9.529847 
3.989377 0 4.476776 0.86635 5.913328 1.732699 4.476776 2.599049 3.989377 3.465399 4.476776 4.331749 5.913328 5.198098 4.476776 6.064448 3.989377 6.930798 4.476776 7.797148 5.913328 8.663497 4.476776 9.529847 
4.951355 0 5.437044 0.86635 6.875305 1.732699 5.437044 2.599049 4.951355 3.465399 5.437044 4.331749 6.875305 5.198098 5.437044 6.064448 4.951355 6.930798 5.437044 7.797148 6.875305 8.663497 5.437044 9.529847 
5.913333 0 6.397312 0.86635 7.837282 1.732699 6.397312 2.599049 5.913333 3.465399 6.397312 4.331749 7.837282 5.198098 6.397312 6.064448 5.913333 6.930798 6.397312 7.797148 7.837282 8.663497 6.397312 9.529847 
6.875311 0 7.35758 0.86635 8.799259 1.732699 7.35758 2.599049 6.875311 3.465399 7.35758 4.331749 8.799259 5.198098 7.35758 6.064448 6.875311 6.930798 7.35758 7.797148 8.799259 8.663497 7.35758 9.529847 
7.837289 0 8.317848 0.86635 9.761236 1.732699 8.317848 2.599049 7.837289 3.465399 8.317848 4.331749 9.761236 5.198098 8.317848 6.064448 7.837289 6.930798 8.317848 7.797148 9.761236 8.663497 8.317848 9.529847 
8.799267 0 9.278116 0.86635 10.723213 1.732699 9.278116 2.599049 8.799267 3.465399 9.278116 4.331749 10.723213 5.198098 9.278116 6.064448 8.799267 6.930798 9.278116 7.797148 10.723213 8.663497 9.278116 9.529847 
9.761245 0 10.238384 0.86635 11.68519 1.732699 10.238384 2.599049 9.761245 3.465399 10.238384 4.331749 11.68519 5.198098 10.238384 6.064448 9.761245 6.930798 10.238384 7.797148 11.68519 8.663497 10.238384 9.529847 
10.723223 0 11.198652 0.86635 12.647167 1.732699 11.198652 2.599049 10.723223 3.465399 11.198652 4.331749 12.647167 5.198098 11.198652 6.064448 10.723223 6.930798 11.198652 7.797148 12.647167 8.663497 11.198652 9.529847 
11.685201 0 12.15892 0.86635 13.609144 1.732699 12.15892 2.599049 11.685201 3.465399 12.15892 4.331749 13.609144 5.198098 12.15892 6.064448 11.685201 6.930798 12.15892 7.797148 13.609144 8.663497 12.15892 9.529847 
12.647179 0 13.119188 0.86635 14.571121 1.732699 13.119188 2.599049 12.647179 3.465399 13.119188 4.331749 14.571121 5.198098 13.119188 6.064448 12.647179 6.930798 13.119188 7.797148 14.571121 8.663497 13.119188 9.529847 
13.609157 0 14.079456 0.86635 15.533098 1.732699 14.079456 2.599049 13.609157 3.465399 14.079456 4.331749 15.533098 5.198098 14.079456 6.064448 13.609157 6.930798 14.079456 7.797148 15.533098 8.663497 14.079456 9.529847 
14.571135 0 15.039724 0.86635 16.495075 1.732699 15.039724 2.599049 14.571135 3.465399 15.039724 4.331749 16.495075 5.198098 15.039724 6.064448 14.571135 6.930798 15.039724 7.797148 16.495075 8.663497 15.039724 9.529847 
15.533113 0 15.999992 0.86635 17.457052 1.732699 15.999992 2.599049 15.533113 3.465399 15.999992 4.331749 17.457052 5.198098 15.999992 6.064448 15.533113 6.930798 15.999992 7.797148 17.457052 8.663497 15.999992 9.529847 
16.495091 0 16.96026 0.86635 18.419029 1.732699 16.96026 2.599049 16.495091 3.465399 16.96026 4.331749 18.419029 5.198098 16.96026 6.064448 16.495091 6.930798 16.96026 7.797148 18.419029 8.663497 16.96026 9.529847 
17.457069 0 17.920528 0.86635 19.381006 1.732699 17.920528 2.599049 17.457069 3.465399 17.920528 4.331749 19.381006 5.198098 17.920528 6.064448 17.457069 6.930798 17.920528 7.797148 19.381006 8.663497 17.920528 9.529847 
18.419047 0 18.880796 0.86635 20.342983 1.732699 18.880796 2.599049 18.419047 3.465399 18.880796 4.331749 20.342983 5.198098 18.880796 6.064448 18.419047 6.930798 18.880796 7.797148 20.342983 8.663497 18.880796 9.529847 
19.381025 0 19.841064 0.86635 21.30496 1.732699 19.841064 2.599049 19.381025 3.465399 19.841064 4.331749 21.30496 5.198098 19.841064 6.064448 19.381025 6.930798 19.841064 7.797148 21.30496 8.663497 19.841064 9.529847 
20.343003 0 20.801332 0.86635 22.266937 1.732699 20.801332 2.599049 20.343003 3.465399 20.801332 4.331749 22.266937 5.198098 20.801332 6.064448 20.343003 6.930798 20.801332 7.797148 22.266937 8.663497 20.801332 9.529847 
21.304981 0 21.7616 0.86635 23.228914 1.732699 21.7616 2.599049 21.304981 3.465399 21.7616 4.331749 23.228914 5.198098 21.7616 6.064448 21.304981 6.930798 21.7616 7.797148 23.228914 8.663497 21.7616 9.529847 
22.266959 0 22.721868 0.86635 24.190891 1.732699 22.721868 2.599049 22.266959 3.465399 22.721868 4.331749 24.190891 5.198098 22.721868 6.064448 22.266959 6.930798 22.721868 7.797148 24.190891 8.663497 22.721868 9.529847 
23.228937 0 23.682136 0.86635 25.152868 1.732699 23.682136 2.599049 23.228937 3.465399 23.682136 4.331749 25.152868 5.198098 23.682136 6.064448 23.228937 6.930798 23.682136 7.797148 25.152868 8.663497 23.682136 9.529847 
24.190915 0 24.642404 0.86635 26.114845 1.732699 24.642404 2.599049 24.190915 3.465399 24.642404 4.331749 26.114845 5.198098 24.642404 6.064448 24.190915 6.930798 24.642404 7.797148 26.114845 8.663497 24.642404 9.529847 
25.152893 0 25.602672 0.86635 27.076822 1.732699 25.602672 2.599049 25.152893 3.465399 25.602672 4.331749 27.076822 5.198098 25.602672 6.064448 25.152893 6.930798 25.602672 7.797148 27.076822 8.663497 25.602672 9.529847 
26.114871 0 26.56294 0.86635 28.038799 1.732699 26.56294 2.599049 26.114871 3.465399 26.56294 4.331749 28.038799 5.198098 26.56294 6.064448 26.114871 6.930798 26.56294 7.797148 28.038799 8.663497 26.56294 9.529847 
27.076849 0 27.523208 0.86635 29.000776 1.732699 27.523208 2.599049 27.076849 3.465399 27.523208 4.331749 29.000776 5.198098 27.523208 6.064448 27.076849 6.930798 27.523208 7.797148 29.000776 8.663497 27.523208 9.529847 
28.038827 0 28.483476 0.86635 29.962753 1.732699 28.483476 2.599049 28.038827 3.465399 28.483476 4.331749 29.962753 5.198098 28.483476 6.064448 28.038827 6.930798 28.483476 7.797148 29.962753 8.663497 28.483476 9.529847 
29.000805 0 29.443744 0.86635 30.92473 1.732699 29.443744 2.599049 29.000805 3.465399 29.443744 4.331749 30.92473 5.198098 29.443744 6.064448 29.000805 6.930798 29.443744 7.797148 30.92473 8.663497 29.443744 9.529847 
29.962783 0 30.404012 0.86635 31.886707 1.732699 30.404012 2.599049 29.962783 3.465399 30.404012 4.331749 31.886707 5.198098 30.404012 6.064448 29.962783 6.930798 30.404012 7.797148 31.886707 8.663497 30.404012 9.529847 
30.924761 0 31.36428 0.86635 32.848684 1.732699 31.36428 2.599049 30.924761 3.465399 31.36428 4.331749 32.848684 5.198098 31.36428 6.064448 30.924761 6.930798 31.36428 7.797148 32.848684 8.663497 31.36428 9.529847 
31.886739 0 32.324548 0.86635 33.810661 1.732699 32.324548 2.599049 31.886739 3.465399 32.324548 4.331749 33.810661 5.198098 32.324548 6.064448 31.886739 6.930798 32.324548 7.797148 33.810661 8.663497 32.324548 9.529847 
32.848717 0 33.284816 0.86635 34.772638 1.732699 33.284816 2.599049 32.848717 3.465399 33.284816 4.331749 34.772638 5.198098 33.284816 6.064448 32.848717 6.930798 33.284816 7.797148 34.772638 8.663497 33.284816 9.529847 
33.810695 0 34.245084 0.86635 35.734615 1.732699 34.245084 2.599049 33.810695 3.465399 34.245084 4.331749 35.734615 5.198098 34.245084 6.064448 33.810695 6.930798 34.245084 7.797148 35.734615 8.663497 34.245084 9.529847 
