# 0.863765:0:0.969988:0.86379:0.487641:0.969522:0.86379:0:0.969988:0.863765:3.392:0.969846
# array of size 12
# plot "" u 1:2 pt 7 ps 2 lc -1, "" u 3:4 pt 7 ps 2 lc -1, "" u 5:6 pt 7 ps 2 lc -1, "" u 7:8 pt 7 ps 2 lc -1, "" u 9:10 pt 7 ps 2 lc -1, "" u 11:12 pt 7 ps 2 lc -1, "" u 13:14 pt 7 ps 2 lc -1, "" u 15:16 pt 7 ps 2 lc -1, "" u 17:18 pt 7 ps 2 lc -1, "" u 19:20 pt 7 ps 2 lc -1, "" u 21:22 pt 7 ps 2 lc -1, "" u 23:24 pt 7 ps 2 lc -1


-5.819928 0 -5.329491 0.86379 -5.819928 1.72758 -2.427076 2.591345 -5.819928 3.45511 -5.329491 4.3189 -5.819928 5.18269 -2.427076 6.046455 -5.819928 6.91022 -5.329491 7.77401 -5.819928 8.6378 -2.427076 9.501565 
-4.84994 0 -4.359969 0.86379 -4.84994 1.72758 -1.45723 2.591345 -4.84994 3.45511 -4.359969 4.3189 -4.84994 5.18269 -1.45723 6.046455 -4.84994 6.91022 -4.359969 7.77401 -4.84994 8.6378 -1.45723 9.501565 
-3.879952 0 -3.390447 0.86379 -3.879952 1.72758 -0.487384 2.591345 -3.879952 3.45511 -3.390447 4.3189 -3.879952 5.18269 -0.487384 6.046455 -3.879952 6.91022 -3.390447 7.77401 -3.879952 8.6378 -0.487384 9.501565 
-2.909964 0 -2.420925 0.86379 -2.909964 1.72758 0.482462 2.591345 -2.909964 3.45511 -2.420925 4.3189 -2.909964 5.18269 0.482462 6.046455 -2.909964 6.91022 -2.420925 7.77401 -2.909964 8.6378 0.482462 9.501565 
-1.939976 0 -1.451403 0.86379 -1.939976 1.72758 1.452308 2.591345 -1.939976 3.45511 -1.451403 4.3189 -1.939976 5.18269 1.452308 6.046455 -1.939976 6.91022 -1.451403 7.77401 -1.939976 8.6378 1.452308 9.501565 
-0.969988 0 -0.481881 0.86379 -0.969988 1.72758 2.422154 2.591345 -0.969988 3.45511 -0.481881 4.3189 -0.969988 5.18269 2.422154 6.046455 -0.969988 6.91022 -0.481881 7.77401 -0.969988 8.6378 2.422154 9.501565 
0 0 0.487641 0.86379 0 1.72758 3.392 2.591345 0 3.45511 0.487641 4.3189 0 5.18269 3.392 6.046455 0 6.91022 0.487641 7.77401 0 8.6378 3.392 9.501565 
0.969988 0 1.457163 0.86379 0.969988 1.72758 4.361846 2.591345 0.969988 3.45511 1.457163 4.3189 0.969988 5.18269 4.361846 6.046455 0.969988 6.91022 1.457163 7.77401 0.969988 8.6378 4.361846 9.501565 
1.939976 0 2.426685 0.86379 1.939976 1.72758 5.331692 2.591345 1.939976 3.45511 2.426685 4.3189 1.939976 5.18269 5.331692 6.046455 1.939976 6.91022 2.426685 7.77401 1.939976 8.6378 5.331692 9.501565 
2.909964 0 3.396207 0.86379 2.909964 1.72758 6.301538 2.591345 2.909964 3.45511 3.396207 4.3189 2.909964 5.18269 6.301538 6.046455 2.909964 6.91022 3.396207 7.77401 2.909964 8.6378 6.301538 9.501565 
3.879952 0 4.365729 0.86379 3.879952 1.72758 7.271384 2.591345 3.879952 3.45511 4.365729 4.3189 3.879952 5.18269 7.271384 6.046455 3.879952 6.91022 4.365729 7.77401 3.879952 8.6378 7.271384 9.501565 
4.84994 0 5.335251 0.86379 4.84994 1.72758 8.24123 2.591345 4.84994 3.45511 5.335251 4.3189 4.84994 5.18269 8.24123 6.046455 4.84994 6.91022 5.335251 7.77401 4.84994 8.6378 8.24123 9.501565 
5.819928 0 6.304773 0.86379 5.819928 1.72758 9.211076 2.591345 5.819928 3.45511 6.304773 4.3189 5.819928 5.18269 9.211076 6.046455 5.819928 6.91022 6.304773 7.77401 5.819928 8.6378 9.211076 9.501565 
6.789916 0 7.274295 0.86379 6.789916 1.72758 10.180922 2.591345 6.789916 3.45511 7.274295 4.3189 6.789916 5.18269 10.180922 6.046455 6.789916 6.91022 7.274295 7.77401 6.789916 8.6378 10.180922 9.501565 
7.759904 0 8.243817 0.86379 7.759904 1.72758 11.150768 2.591345 7.759904 3.45511 8.243817 4.3189 7.759904 5.18269 11.150768 6.046455 7.759904 6.91022 8.243817 7.77401 7.759904 8.6378 11.150768 9.501565 
8.729892 0 9.213339 0.86379 8.729892 1.72758 12.120614 2.591345 8.729892 3.45511 9.213339 4.3189 8.729892 5.18269 12.120614 6.046455 8.729892 6.91022 9.213339 7.77401 8.729892 8.6378 12.120614 9.501565 
9.69988 0 10.182861 0.86379 9.69988 1.72758 13.09046 2.591345 9.69988 3.45511 10.182861 4.3189 9.69988 5.18269 13.09046 6.046455 9.69988 6.91022 10.182861 7.77401 9.69988 8.6378 13.09046 9.501565 
10.669868 0 11.152383 0.86379 10.669868 1.72758 14.060306 2.591345 10.669868 3.45511 11.152383 4.3189 10.669868 5.18269 14.060306 6.046455 10.669868 6.91022 11.152383 7.77401 10.669868 8.6378 14.060306 9.501565 
11.639856 0 12.121905 0.86379 11.639856 1.72758 15.030152 2.591345 11.639856 3.45511 12.121905 4.3189 11.639856 5.18269 15.030152 6.046455 11.639856 6.91022 12.121905 7.77401 11.639856 8.6378 15.030152 9.501565 
12.609844 0 13.091427 0.86379 12.609844 1.72758 15.999998 2.591345 12.609844 3.45511 13.091427 4.3189 12.609844 5.18269 15.999998 6.046455 12.609844 6.91022 13.091427 7.77401 12.609844 8.6378 15.999998 9.501565 
13.579832 0 14.060949 0.86379 13.579832 1.72758 16.969844 2.591345 13.579832 3.45511 14.060949 4.3189 13.579832 5.18269 16.969844 6.046455 13.579832 6.91022 14.060949 7.77401 13.579832 8.6378 16.969844 9.501565 
14.54982 0 15.030471 0.86379 14.54982 1.72758 17.93969 2.591345 14.54982 3.45511 15.030471 4.3189 14.54982 5.18269 17.93969 6.046455 14.54982 6.91022 15.030471 7.77401 14.54982 8.6378 17.93969 9.501565 
15.519808 0 15.999993 0.86379 15.519808 1.72758 18.909536 2.591345 15.519808 3.45511 15.999993 4.3189 15.519808 5.18269 18.909536 6.046455 15.519808 6.91022 15.999993 7.77401 15.519808 8.6378 18.909536 9.501565 
16.489796 0 16.969515 0.86379 16.489796 1.72758 19.879382 2.591345 16.489796 3.45511 16.969515 4.3189 16.489796 5.18269 19.879382 6.046455 16.489796 6.91022 16.969515 7.77401 16.489796 8.6378 19.879382 9.501565 
17.459784 0 17.939037 0.86379 17.459784 1.72758 20.849228 2.591345 17.459784 3.45511 17.939037 4.3189 17.459784 5.18269 20.849228 6.046455 17.459784 6.91022 17.939037 7.77401 17.459784 8.6378 20.849228 9.501565 
18.429772 0 18.908559 0.86379 18.429772 1.72758 21.819074 2.591345 18.429772 3.45511 18.908559 4.3189 18.429772 5.18269 21.819074 6.046455 18.429772 6.91022 18.908559 7.77401 18.429772 8.6378 21.819074 9.501565 
19.39976 0 19.878081 0.86379 19.39976 1.72758 22.78892 2.591345 19.39976 3.45511 19.878081 4.3189 19.39976 5.18269 22.78892 6.046455 19.39976 6.91022 19.878081 7.77401 19.39976 8.6378 22.78892 9.501565 
20.369748 0 20.847603 0.86379 20.369748 1.72758 23.758766 2.591345 20.369748 3.45511 20.847603 4.3189 20.369748 5.18269 23.758766 6.046455 20.369748 6.91022 20.847603 7.77401 20.369748 8.6378 23.758766 9.501565 
21.339736 0 21.817125 0.86379 21.339736 1.72758 24.728612 2.591345 21.339736 3.45511 21.817125 4.3189 21.339736 5.18269 24.728612 6.046455 21.339736 6.91022 21.817125 7.77401 21.339736 8.6378 24.728612 9.501565 
22.309724 0 22.786647 0.86379 22.309724 1.72758 25.698458 2.591345 22.309724 3.45511 22.786647 4.3189 22.309724 5.18269 25.698458 6.046455 22.309724 6.91022 22.786647 7.77401 22.309724 8.6378 25.698458 9.501565 
23.279712 0 23.756169 0.86379 23.279712 1.72758 26.668304 2.591345 23.279712 3.45511 23.756169 4.3189 23.279712 5.18269 26.668304 6.046455 23.279712 6.91022 23.756169 7.77401 23.279712 8.6378 26.668304 9.501565 
24.2497 0 24.725691 0.86379 24.2497 1.72758 27.63815 2.591345 24.2497 3.45511 24.725691 4.3189 24.2497 5.18269 27.63815 6.046455 24.2497 6.91022 24.725691 7.77401 24.2497 8.6378 27.63815 9.501565 
25.219688 0 25.695213 0.86379 25.219688 1.72758 28.607996 2.591345 25.219688 3.45511 25.695213 4.3189 25.219688 5.18269 28.607996 6.046455 25.219688 6.91022 25.695213 7.77401 25.219688 8.6378 28.607996 9.501565 
26.189676 0 26.664735 0.86379 26.189676 1.72758 29.577842 2.591345 26.189676 3.45511 26.664735 4.3189 26.189676 5.18269 29.577842 6.046455 26.189676 6.91022 26.664735 7.77401 26.189676 8.6378 29.577842 9.501565 
27.159664 0 27.634257 0.86379 27.159664 1.72758 30.547688 2.591345 27.159664 3.45511 27.634257 4.3189 27.159664 5.18269 30.547688 6.046455 27.159664 6.91022 27.634257 7.77401 27.159664 8.6378 30.547688 9.501565 
28.129652 0 28.603779 0.86379 28.129652 1.72758 31.517534 2.591345 28.129652 3.45511 28.603779 4.3189 28.129652 5.18269 31.517534 6.046455 28.129652 6.91022 28.603779 7.77401 28.129652 8.6378 31.517534 9.501565 
29.09964 0 29.573301 0.86379 29.09964 1.72758 32.48738 2.591345 29.09964 3.45511 29.573301 4.3189 29.09964 5.18269 32.48738 6.046455 29.09964 6.91022 29.573301 7.77401 29.09964 8.6378 32.48738 9.501565 
30.069628 0 30.542823 0.86379 30.069628 1.72758 33.457226 2.591345 30.069628 3.45511 30.542823 4.3189 30.069628 5.18269 33.457226 6.046455 30.069628 6.91022 30.542823 7.77401 30.069628 8.6378 33.457226 9.501565 
31.039616 0 31.512345 0.86379 31.039616 1.72758 34.427072 2.591345 31.039616 3.45511 31.512345 4.3189 31.039616 5.18269 34.427072 6.046455 31.039616 6.91022 31.512345 7.77401 31.039616 8.6378 34.427072 9.501565 
32.009604 0 32.481867 0.86379 32.009604 1.72758 35.396918 2.591345 32.009604 3.45511 32.481867 4.3189 32.009604 5.18269 35.396918 6.046455 32.009604 6.91022 32.481867 7.77401 32.009604 8.6378 35.396918 9.501565 
32.979592 0 33.451389 0.86379 32.979592 1.72758 36.366764 2.591345 32.979592 3.45511 33.451389 4.3189 32.979592 5.18269 36.366764 6.046455 32.979592 6.91022 33.451389 7.77401 32.979592 8.6378 36.366764 9.501565 
33.94958 0 34.420911 0.86379 33.94958 1.72758 37.33661 2.591345 33.94958 3.45511 34.420911 4.3189 33.94958 5.18269 37.33661 6.046455 33.94958 6.91022 34.420911 7.77401 33.94958 8.6378 37.33661 9.501565 
