# 0.876017:0.28818:0.951953:0.890652:0:0.937299:0.890652:0.288178:0.951953:0.876018:0.666865:0.958321
# array of size 12
# plot "" u 1:2 pt 7 ps 2 lc -1, "" u 3:4 pt 7 ps 2 lc -1, "" u 5:6 pt 7 ps 2 lc -1, "" u 7:8 pt 7 ps 2 lc -1, "" u 9:10 pt 7 ps 2 lc -1, "" u 11:12 pt 7 ps 2 lc -1, "" u 13:14 pt 7 ps 2 lc -1, "" u 15:16 pt 7 ps 2 lc -1, "" u 17:18 pt 7 ps 2 lc -1, "" u 19:20 pt 7 ps 2 lc -1, "" u 21:22 pt 7 ps 2 lc -1, "" u 23:24 pt 7 ps 2 lc -1


-5.423538 0 -5.623794 0.890652 -5.42354 1.781304 -5.083061 2.657322 -5.423538 3.533339 -5.623794 4.423991 -5.42354 5.314643 -5.083061 6.190661 -5.423538 7.066678 -5.623794 7.95733 -5.42354 8.847982 -5.083061 9.724 
-4.471585 0 -4.686495 0.890652 -4.471587 1.781304 -4.12474 2.657322 -4.471585 3.533339 -4.686495 4.423991 -4.471587 5.314643 -4.12474 6.190661 -4.471585 7.066678 -4.686495 7.95733 -4.471587 8.847982 -4.12474 9.724 
-3.519632 0 -3.749196 0.890652 -3.519634 1.781304 -3.166419 2.657322 -3.519632 3.533339 -3.749196 4.423991 -3.519634 5.314643 -3.166419 6.190661 -3.519632 7.066678 -3.749196 7.95733 -3.519634 8.847982 -3.166419 9.724 
-2.567679 0 -2.811897 0.890652 -2.567681 1.781304 -2.208098 2.657322 -2.567679 3.533339 -2.811897 4.423991 -2.567681 5.314643 -2.208098 6.190661 -2.567679 7.066678 -2.811897 7.95733 -2.567681 8.847982 -2.208098 9.724 
-1.615726 0 -1.874598 0.890652 -1.615728 1.781304 -1.249777 2.657322 -1.615726 3.533339 -1.874598 4.423991 -1.615728 5.314643 -1.249777 6.190661 -1.615726 7.066678 -1.874598 7.95733 -1.615728 8.847982 -1.249777 9.724 
-0.663773 0 -0.937299 0.890652 -0.663775 1.781304 -0.291456 2.657322 -0.663773 3.533339 -0.937299 4.423991 -0.663775 5.314643 -0.291456 6.190661 -0.663773 7.066678 -0.937299 7.95733 -0.663775 8.847982 -0.291456 9.724 
0.28818 0 0 0.890652 0.288178 1.781304 0.666865 2.657322 0.28818 3.533339 0 4.423991 0.288178 5.314643 0.666865 6.190661 0.28818 7.066678 0 7.95733 0.288178 8.847982 0.666865 9.724 
1.240133 0 0.937299 0.890652 1.240131 1.781304 1.625186 2.657322 1.240133 3.533339 0.937299 4.423991 1.240131 5.314643 1.625186 6.190661 1.240133 7.066678 0.937299 7.95733 1.240131 8.847982 1.625186 9.724 
2.192086 0 1.874598 0.890652 2.192084 1.781304 2.583507 2.657322 2.192086 3.533339 1.874598 4.423991 2.192084 5.314643 2.583507 6.190661 2.192086 7.066678 1.874598 7.95733 2.192084 8.847982 2.583507 9.724 
3.144039 0 2.811897 0.890652 3.144037 1.781304 3.541828 2.657322 3.144039 3.533339 2.811897 4.423991 3.144037 5.314643 3.541828 6.190661 3.144039 7.066678 2.811897 7.95733 3.144037 8.847982 3.541828 9.724 
4.095992 0 3.749196 0.890652 4.09599 1.781304 4.500149 2.657322 4.095992 3.533339 3.749196 4.423991 4.09599 5.314643 4.500149 6.190661 4.095992 7.066678 3.749196 7.95733 4.09599 8.847982 4.500149 9.724 
5.047945 0 4.686495 0.890652 5.047943 1.781304 5.45847 2.657322 5.047945 3.533339 4.686495 4.423991 5.047943 5.314643 5.45847 6.190661 5.047945 7.066678 4.686495 7.95733 5.047943 8.847982 5.45847 9.724 
5.999898 0 5.623794 0.890652 5.999896 1.781304 6.416791 2.657322 5.999898 3.533339 5.623794 4.423991 5.999896 5.314643 6.416791 6.190661 5.999898 7.066678 5.623794 7.95733 5.999896 8.847982 6.416791 9.724 
6.951851 0 6.561093 0.890652 6.951849 1.781304 7.375112 2.657322 6.951851 3.533339 6.561093 4.423991 6.951849 5.314643 7.375112 6.190661 6.951851 7.066678 6.561093 7.95733 6.951849 8.847982 7.375112 9.724 
7.903804 0 7.498392 0.890652 7.903802 1.781304 8.333433 2.657322 7.903804 3.533339 7.498392 4.423991 7.903802 5.314643 8.333433 6.190661 7.903804 7.066678 7.498392 7.95733 7.903802 8.847982 8.333433 9.724 
8.855757 0 8.435691 0.890652 8.855755 1.781304 9.291754 2.657322 8.855757 3.533339 8.435691 4.423991 8.855755 5.314643 9.291754 6.190661 8.855757 7.066678 8.435691 7.95733 8.855755 8.847982 9.291754 9.724 
9.80771 0 9.37299 0.890652 9.807708 1.781304 10.250075 2.657322 9.80771 3.533339 9.37299 4.423991 9.807708 5.314643 10.250075 6.190661 9.80771 7.066678 9.37299 7.95733 9.807708 8.847982 10.250075 9.724 
10.759663 0 10.310289 0.890652 10.759661 1.781304 11.208396 2.657322 10.759663 3.533339 10.310289 4.423991 10.759661 5.314643 11.208396 6.190661 10.759663 7.066678 10.310289 7.95733 10.759661 8.847982 11.208396 9.724 
11.711616 0 11.247588 0.890652 11.711614 1.781304 12.166717 2.657322 11.711616 3.533339 11.247588 4.423991 11.711614 5.314643 12.166717 6.190661 11.711616 7.066678 11.247588 7.95733 11.711614 8.847982 12.166717 9.724 
12.663569 0 12.184887 0.890652 12.663567 1.781304 13.125038 2.657322 12.663569 3.533339 12.184887 4.423991 12.663567 5.314643 13.125038 6.190661 12.663569 7.066678 12.184887 7.95733 12.663567 8.847982 13.125038 9.724 
13.615522 0 13.122186 0.890652 13.61552 1.781304 14.083359 2.657322 13.615522 3.533339 13.122186 4.423991 13.61552 5.314643 14.083359 6.190661 13.615522 7.066678 13.122186 7.95733 13.61552 8.847982 14.083359 9.724 
14.567475 0 14.059485 0.890652 14.567473 1.781304 15.04168 2.657322 14.567475 3.533339 14.059485 4.423991 14.567473 5.314643 15.04168 6.190661 14.567475 7.066678 14.059485 7.95733 14.567473 8.847982 15.04168 9.724 
15.519428 0 14.996784 0.890652 15.519426 1.781304 16.000001 2.657322 15.519428 3.533339 14.996784 4.423991 15.519426 5.314643 16.000001 6.190661 15.519428 7.066678 14.996784 7.95733 15.519426 8.847982 16.000001 9.724 
16.471381 0 15.934083 0.890652 16.471379 1.781304 16.958322 2.657322 16.471381 3.533339 15.934083 4.423991 16.471379 5.314643 16.958322 6.190661 16.471381 7.066678 15.934083 7.95733 16.471379 8.847982 16.958322 9.724 
17.423334 0 16.871382 0.890652 17.423332 1.781304 17.916643 2.657322 17.423334 3.533339 16.871382 4.423991 17.423332 5.314643 17.916643 6.190661 17.423334 7.066678 16.871382 7.95733 17.423332 8.847982 17.916643 9.724 
18.375287 0 17.808681 0.890652 18.375285 1.781304 18.874964 2.657322 18.375287 3.533339 17.808681 4.423991 18.375285 5.314643 18.874964 6.190661 18.375287 7.066678 17.808681 7.95733 18.375285 8.847982 18.874964 9.724 
19.32724 0 18.74598 0.890652 19.327238 1.781304 19.833285 2.657322 19.32724 3.533339 18.74598 4.423991 19.327238 5.314643 19.833285 6.190661 19.32724 7.066678 18.74598 7.95733 19.327238 8.847982 19.833285 9.724 
20.279193 0 19.683279 0.890652 20.279191 1.781304 20.791606 2.657322 20.279193 3.533339 19.683279 4.423991 20.279191 5.314643 20.791606 6.190661 20.279193 7.066678 19.683279 7.95733 20.279191 8.847982 20.791606 9.724 
21.231146 0 20.620578 0.890652 21.231144 1.781304 21.749927 2.657322 21.231146 3.533339 20.620578 4.423991 21.231144 5.314643 21.749927 6.190661 21.231146 7.066678 20.620578 7.95733 21.231144 8.847982 21.749927 9.724 
22.183099 0 21.557877 0.890652 22.183097 1.781304 22.708248 2.657322 22.183099 3.533339 21.557877 4.423991 22.183097 5.314643 22.708248 6.190661 22.183099 7.066678 21.557877 7.95733 22.183097 8.847982 22.708248 9.724 
23.135052 0 22.495176 0.890652 23.13505 1.781304 23.666569 2.657322 23.135052 3.533339 22.495176 4.423991 23.13505 5.314643 23.666569 6.190661 23.135052 7.066678 22.495176 7.95733 23.13505 8.847982 23.666569 9.724 
24.087005 0 23.432475 0.890652 24.087003 1.781304 24.62489 2.657322 24.087005 3.533339 23.432475 4.423991 24.087003 5.314643 24.62489 6.190661 24.087005 7.066678 23.432475 7.95733 24.087003 8.847982 24.62489 9.724 
25.038958 0 24.369774 0.890652 25.038956 1.781304 25.583211 2.657322 25.038958 3.533339 24.369774 4.423991 25.038956 5.314643 25.583211 6.190661 25.038958 7.066678 24.369774 7.95733 25.038956 8.847982 25.583211 9.724 
25.990911 0 25.307073 0.890652 25.990909 1.781304 26.541532 2.657322 25.990911 3.533339 25.307073 4.423991 25.990909 5.314643 26.541532 6.190661 25.990911 7.066678 25.307073 7.95733 25.990909 8.847982 26.541532 9.724 
26.942864 0 26.244372 0.890652 26.942862 1.781304 27.499853 2.657322 26.942864 3.533339 26.244372 4.423991 26.942862 5.314643 27.499853 6.190661 26.942864 7.066678 26.244372 7.95733 26.942862 8.847982 27.499853 9.724 
27.894817 0 27.181671 0.890652 27.894815 1.781304 28.458174 2.657322 27.894817 3.533339 27.181671 4.423991 27.894815 5.314643 28.458174 6.190661 27.894817 7.066678 27.181671 7.95733 27.894815 8.847982 28.458174 9.724 
28.84677 0 28.11897 0.890652 28.846768 1.781304 29.416495 2.657322 28.84677 3.533339 28.11897 4.423991 28.846768 5.314643 29.416495 6.190661 28.84677 7.066678 28.11897 7.95733 28.846768 8.847982 29.416495 9.724 
29.798723 0 29.056269 0.890652 29.798721 1.781304 30.374816 2.657322 29.798723 3.533339 29.056269 4.423991 29.798721 5.314643 30.374816 6.190661 29.798723 7.066678 29.056269 7.95733 29.798721 8.847982 30.374816 9.724 
30.750676 0 29.993568 0.890652 30.750674 1.781304 31.333137 2.657322 30.750676 3.533339 29.993568 4.423991 30.750674 5.314643 31.333137 6.190661 30.750676 7.066678 29.993568 7.95733 30.750674 8.847982 31.333137 9.724 
31.702629 0 30.930867 0.890652 31.702627 1.781304 32.291458 2.657322 31.702629 3.533339 30.930867 4.423991 31.702627 5.314643 32.291458 6.190661 31.702629 7.066678 30.930867 7.95733 31.702627 8.847982 32.291458 9.724 
32.654582 0 31.868166 0.890652 32.65458 1.781304 33.249779 2.657322 32.654582 3.533339 31.868166 4.423991 32.65458 5.314643 33.249779 6.190661 32.654582 7.066678 31.868166 7.95733 32.65458 8.847982 33.249779 9.724 
33.606535 0 32.805465 0.890652 33.606533 1.781304 34.2081 2.657322 33.606535 3.533339 32.805465 4.423991 33.606533 5.314643 34.2081 6.190661 33.606535 7.066678 32.805465 7.95733 33.606533 8.847982 34.2081 9.724 
