# 0.563265:4:1.90777:0.4:3.10561:1.89956:0.88473:2.81315:0.937716:0.869603:3.19781:1.8905
# array of size 12
# plot "" u 1:2 pt 7 ps 2 lc -1, "" u 3:4 pt 7 ps 2 lc -1, "" u 5:6 pt 7 ps 2 lc -1, "" u 7:8 pt 7 ps 2 lc -1, "" u 9:10 pt 7 ps 2 lc -1, "" u 11:12 pt 7 ps 2 lc -1, "" u 13:14 pt 7 ps 2 lc -1, "" u 15:16 pt 7 ps 2 lc -1, "" u 17:18 pt 7 ps 2 lc -1, "" u 19:20 pt 7 ps 2 lc -1, "" u 21:22 pt 7 ps 2 lc -1, "" u 23:24 pt 7 ps 2 lc -1


-7.44662 0 -8.29175 0.4 -2.813146 1.28473 -8.14519 2.154333 -7.44662 2.717598 -8.29175 3.117598 -2.813146 4.002328 -8.14519 4.871931 -7.44662 5.435196 -8.29175 5.835196 -2.813146 6.719926 -8.14519 7.589529 
-5.53885 0 -6.39219 0.4 -1.87543 1.28473 -6.25469 2.154333 -5.53885 2.717598 -6.39219 3.117598 -1.87543 4.002328 -6.25469 4.871931 -5.53885 5.435196 -6.39219 5.835196 -1.87543 6.719926 -6.25469 7.589529 
-3.63108 0 -4.49263 0.4 -0.937714 1.28473 -4.36419 2.154333 -3.63108 2.717598 -4.49263 3.117598 -0.937714 4.002328 -4.36419 4.871931 -3.63108 5.435196 -4.49263 5.835196 -0.937714 6.719926 -4.36419 7.589529 
-1.72331 0 -2.59307 0.4 2.00000000027956e-06 1.28473 -2.47369 2.154333 -1.72331 2.717598 -2.59307 3.117598 2.00000000027956e-06 4.002328 -2.47369 4.871931 -1.72331 5.435196 -2.59307 5.835196 2.00000000027956e-06 6.719926 -2.47369 7.589529 
0.18446 0 -0.69351 0.4 0.937718 1.28473 -0.58319 2.154333 0.18446 2.717598 -0.69351 3.117598 0.937718 4.002328 -0.58319 4.871931 0.18446 5.435196 -0.69351 5.835196 0.937718 6.719926 -0.58319 7.589529 
2.09223 0 1.20605 0.4 1.875434 1.28473 1.30731 2.154333 2.09223 2.717598 1.20605 3.117598 1.875434 4.002328 1.30731 4.871931 2.09223 5.435196 1.20605 5.835196 1.875434 6.719926 1.30731 7.589529 
4 0 3.10561 0.4 2.81315 1.28473 3.19781 2.154333 4 2.717598 3.10561 3.117598 2.81315 4.002328 3.19781 4.871931 4 5.435196 3.10561 5.835196 2.81315 6.719926 3.19781 7.589529 
5.90777 0 5.00517 0.4 3.750866 1.28473 5.08831 2.154333 5.90777 2.717598 5.00517 3.117598 3.750866 4.002328 5.08831 4.871931 5.90777 5.435196 5.00517 5.835196 3.750866 6.719926 5.08831 7.589529 
7.81554 0 6.90473 0.4 4.688582 1.28473 6.97881 2.154333 7.81554 2.717598 6.90473 3.117598 4.688582 4.002328 6.97881 4.871931 7.81554 5.435196 6.90473 5.835196 4.688582 6.719926 6.97881 7.589529 
9.72331 0 8.80429 0.4 5.626298 1.28473 8.86931 2.154333 9.72331 2.717598 8.80429 3.117598 5.626298 4.002328 8.86931 4.871931 9.72331 5.435196 8.80429 5.835196 5.626298 6.719926 8.86931 7.589529 
11.63108 0 10.70385 0.4 6.564014 1.28473 10.75981 2.154333 11.63108 2.717598 10.70385 3.117598 6.564014 4.002328 10.75981 4.871931 11.63108 5.435196 10.70385 5.835196 6.564014 6.719926 10.75981 7.589529 
13.53885 0 12.60341 0.4 7.50173 1.28473 12.65031 2.154333 13.53885 2.717598 12.60341 3.117598 7.50173 4.002328 12.65031 4.871931 13.53885 5.435196 12.60341 5.835196 7.50173 6.719926 12.65031 7.589529 
15.44662 0 14.50297 0.4 8.439446 1.28473 14.54081 2.154333 15.44662 2.717598 14.50297 3.117598 8.439446 4.002328 14.54081 4.871931 15.44662 5.435196 14.50297 5.835196 8.439446 6.719926 14.54081 7.589529 
17.35439 0 16.40253 0.4 9.377162 1.28473 16.43131 2.154333 17.35439 2.717598 16.40253 3.117598 9.377162 4.002328 16.43131 4.871931 17.35439 5.435196 16.40253 5.835196 9.377162 6.719926 16.43131 7.589529 
19.26216 0 18.30209 0.4 10.314878 1.28473 18.32181 2.154333 19.26216 2.717598 18.30209 3.117598 10.314878 4.002328 18.32181 4.871931 19.26216 5.435196 18.30209 5.835196 10.314878 6.719926 18.32181 7.589529 
21.16993 0 20.20165 0.4 11.252594 1.28473 20.21231 2.154333 21.16993 2.717598 20.20165 3.117598 11.252594 4.002328 20.21231 4.871931 21.16993 5.435196 20.20165 5.835196 11.252594 6.719926 20.21231 7.589529 
23.0777 0 22.10121 0.4 12.19031 1.28473 22.10281 2.154333 23.0777 2.717598 22.10121 3.117598 12.19031 4.002328 22.10281 4.871931 23.0777 5.435196 22.10121 5.835196 12.19031 6.719926 22.10281 7.589529 
24.98547 0 24.00077 0.4 13.128026 1.28473 23.99331 2.154333 24.98547 2.717598 24.00077 3.117598 13.128026 4.002328 23.99331 4.871931 24.98547 5.435196 24.00077 5.835196 13.128026 6.719926 23.99331 7.589529 
26.89324 0 25.90033 0.4 14.065742 1.28473 25.88381 2.154333 26.89324 2.717598 25.90033 3.117598 14.065742 4.002328 25.88381 4.871931 26.89324 5.435196 25.90033 5.835196 14.065742 6.719926 25.88381 7.589529 
28.80101 0 27.79989 0.4 15.003458 1.28473 27.77431 2.154333 28.80101 2.717598 27.79989 3.117598 15.003458 4.002328 27.77431 4.871931 28.80101 5.435196 27.79989 5.835196 15.003458 6.719926 27.77431 7.589529 
30.70878 0 29.69945 0.4 15.941174 1.28473 29.66481 2.154333 30.70878 2.717598 29.69945 3.117598 15.941174 4.002328 29.66481 4.871931 30.70878 5.435196 29.69945 5.835196 15.941174 6.719926 29.66481 7.589529 
32.61655 0 31.59901 0.4 16.87889 1.28473 31.55531 2.154333 32.61655 2.717598 31.59901 3.117598 16.87889 4.002328 31.55531 4.871931 32.61655 5.435196 31.59901 5.835196 16.87889 6.719926 31.55531 7.589529 
34.52432 0 33.49857 0.4 17.816606 1.28473 33.44581 2.154333 34.52432 2.717598 33.49857 3.117598 17.816606 4.002328 33.44581 4.871931 34.52432 5.435196 33.49857 5.835196 17.816606 6.719926 33.44581 7.589529 
36.43209 0 35.39813 0.4 18.754322 1.28473 35.33631 2.154333 36.43209 2.717598 35.39813 3.117598 18.754322 4.002328 35.33631 4.871931 36.43209 5.435196 35.39813 5.835196 18.754322 6.719926 35.33631 7.589529 
38.33986 0 37.29769 0.4 19.692038 1.28473 37.22681 2.154333 38.33986 2.717598 37.29769 3.117598 19.692038 4.002328 37.22681 4.871931 38.33986 5.435196 37.29769 5.835196 19.692038 6.719926 37.22681 7.589529 
40.24763 0 39.19725 0.4 20.629754 1.28473 39.11731 2.154333 40.24763 2.717598 39.19725 3.117598 20.629754 4.002328 39.11731 4.871931 40.24763 5.435196 39.19725 5.835196 20.629754 6.719926 39.11731 7.589529 
42.1554 0 41.09681 0.4 21.56747 1.28473 41.00781 2.154333 42.1554 2.717598 41.09681 3.117598 21.56747 4.002328 41.00781 4.871931 42.1554 5.435196 41.09681 5.835196 21.56747 6.719926 41.00781 7.589529 
44.06317 0 42.99637 0.4 22.505186 1.28473 42.89831 2.154333 44.06317 2.717598 42.99637 3.117598 22.505186 4.002328 42.89831 4.871931 44.06317 5.435196 42.99637 5.835196 22.505186 6.719926 42.89831 7.589529 
45.97094 0 44.89593 0.4 23.442902 1.28473 44.78881 2.154333 45.97094 2.717598 44.89593 3.117598 23.442902 4.002328 44.78881 4.871931 45.97094 5.435196 44.89593 5.835196 23.442902 6.719926 44.78881 7.589529 
47.87871 0 46.79549 0.4 24.380618 1.28473 46.67931 2.154333 47.87871 2.717598 46.79549 3.117598 24.380618 4.002328 46.67931 4.871931 47.87871 5.435196 46.79549 5.835196 24.380618 6.719926 46.67931 7.589529 
49.78648 0 48.69505 0.4 25.318334 1.28473 48.56981 2.154333 49.78648 2.717598 48.69505 3.117598 25.318334 4.002328 48.56981 4.871931 49.78648 5.435196 48.69505 5.835196 25.318334 6.719926 48.56981 7.589529 
51.69425 0 50.59461 0.4 26.25605 1.28473 50.46031 2.154333 51.69425 2.717598 50.59461 3.117598 26.25605 4.002328 50.46031 4.871931 51.69425 5.435196 50.59461 5.835196 26.25605 6.719926 50.46031 7.589529 
53.60202 0 52.49417 0.4 27.193766 1.28473 52.35081 2.154333 53.60202 2.717598 52.49417 3.117598 27.193766 4.002328 52.35081 4.871931 53.60202 5.435196 52.49417 5.835196 27.193766 6.719926 52.35081 7.589529 
55.50979 0 54.39373 0.4 28.131482 1.28473 54.24131 2.154333 55.50979 2.717598 54.39373 3.117598 28.131482 4.002328 54.24131 4.871931 55.50979 5.435196 54.39373 5.835196 28.131482 6.719926 54.24131 7.589529 
57.41756 0 56.29329 0.4 29.069198 1.28473 56.13181 2.154333 57.41756 2.717598 56.29329 3.117598 29.069198 4.002328 56.13181 4.871931 57.41756 5.435196 56.29329 5.835196 29.069198 6.719926 56.13181 7.589529 
59.32533 0 58.19285 0.4 30.006914 1.28473 58.02231 2.154333 59.32533 2.717598 58.19285 3.117598 30.006914 4.002328 58.02231 4.871931 59.32533 5.435196 58.19285 5.835196 30.006914 6.719926 58.02231 7.589529 
61.2331 0 60.09241 0.4 30.94463 1.28473 59.91281 2.154333 61.2331 2.717598 60.09241 3.117598 30.94463 4.002328 59.91281 4.871931 61.2331 5.435196 60.09241 5.835196 30.94463 6.719926 59.91281 7.589529 
63.14087 0 61.99197 0.4 31.882346 1.28473 61.80331 2.154333 63.14087 2.717598 61.99197 3.117598 31.882346 4.002328 61.80331 4.871931 63.14087 5.435196 61.99197 5.835196 31.882346 6.719926 61.80331 7.589529 
65.04864 0 63.89153 0.4 32.820062 1.28473 63.69381 2.154333 65.04864 2.717598 63.89153 3.117598 32.820062 4.002328 63.69381 4.871931 65.04864 5.435196 63.89153 5.835196 32.820062 6.719926 63.69381 7.589529 
66.95641 0 65.79109 0.4 33.757778 1.28473 65.58431 2.154333 66.95641 2.717598 65.79109 3.117598 33.757778 4.002328 65.58431 4.871931 66.95641 5.435196 65.79109 5.835196 33.757778 6.719926 65.58431 7.589529 
68.86418 0 67.69065 0.4 34.695494 1.28473 67.47481 2.154333 68.86418 2.717598 67.69065 3.117598 34.695494 4.002328 67.47481 4.871931 68.86418 5.435196 67.69065 5.835196 34.695494 6.719926 67.47481 7.589529 
70.77195 0 69.59021 0.4 35.63321 1.28473 69.36531 2.154333 70.77195 2.717598 69.59021 3.117598 35.63321 4.002328 69.36531 4.871931 70.77195 5.435196 69.59021 5.835196 35.63321 6.719926 69.36531 7.589529 
