# 0.493658:1.4329:1.73458:0.493512:0.564309:1.73483:0.493683:3.16765:1.73423:0.493563:2.30154:1.73426
# array of size 12
# plot "" u 1:2 pt 7 ps 2 lc -1, "" u 3:4 pt 7 ps 2 lc -1, "" u 5:6 pt 7 ps 2 lc -1, "" u 7:8 pt 7 ps 2 lc -1, "" u 9:10 pt 7 ps 2 lc -1, "" u 11:12 pt 7 ps 2 lc -1, "" u 13:14 pt 7 ps 2 lc -1, "" u 15:16 pt 7 ps 2 lc -1, "" u 17:18 pt 7 ps 2 lc -1, "" u 19:20 pt 7 ps 2 lc -1, "" u 21:22 pt 7 ps 2 lc -1, "" u 23:24 pt 7 ps 2 lc -1


-8.97458 0 -9.844671 0.493512 -7.23773 0.987195 -8.10402 1.480758 -8.97458 1.974416 -9.844671 2.467928 -7.23773 2.961611 -8.10402 3.455174 -8.97458 3.948832 -9.844671 4.442344 -7.23773 4.936027 -8.10402 5.42959 
-7.24 0 -8.109841 0.493512 -5.5035 0.987195 -6.36976 1.480758 -7.24 1.974416 -8.109841 2.467928 -5.5035 2.961611 -6.36976 3.455174 -7.24 3.948832 -8.109841 4.442344 -5.5035 4.936027 -6.36976 5.42959 
-5.50542 0 -6.375011 0.493512 -3.76927 0.987195 -4.6355 1.480758 -5.50542 1.974416 -6.375011 2.467928 -3.76927 2.961611 -4.6355 3.455174 -5.50542 3.948832 -6.375011 4.442344 -3.76927 4.936027 -4.6355 5.42959 
-3.77084 0 -4.640181 0.493512 -2.03504 0.987195 -2.90124 1.480758 -3.77084 1.974416 -4.640181 2.467928 -2.03504 2.961611 -2.90124 3.455174 -3.77084 3.948832 -4.640181 4.442344 -2.03504 4.936027 -2.90124 5.42959 
-2.03626 0 -2.905351 0.493512 -0.30081 0.987195 -1.16698 1.480758 -2.03626 1.974416 -2.905351 2.467928 -0.30081 2.961611 -1.16698 3.455174 -2.03626 3.948832 -2.905351 4.442344 -0.30081 4.936027 -1.16698 5.42959 
-0.30168 0 -1.170521 0.493512 1.43342 0.987195 0.56728 1.480758 -0.30168 1.974416 -1.170521 2.467928 1.43342 2.961611 0.56728 3.455174 -0.30168 3.948832 -1.170521 4.442344 1.43342 4.936027 0.56728 5.42959 
1.4329 0 0.564309 0.493512 3.16765 0.987195 2.30154 1.480758 1.4329 1.974416 0.564309 2.467928 3.16765 2.961611 2.30154 3.455174 1.4329 3.948832 0.564309 4.442344 3.16765 4.936027 2.30154 5.42959 
3.16748 0 2.299139 0.493512 4.90188 0.987195 4.0358 1.480758 3.16748 1.974416 2.299139 2.467928 4.90188 2.961611 4.0358 3.455174 3.16748 3.948832 2.299139 4.442344 4.90188 4.936027 4.0358 5.42959 
4.90206 0 4.033969 0.493512 6.63611 0.987195 5.77006 1.480758 4.90206 1.974416 4.033969 2.467928 6.63611 2.961611 5.77006 3.455174 4.90206 3.948832 4.033969 4.442344 6.63611 4.936027 5.77006 5.42959 
6.63664 0 5.768799 0.493512 8.37034 0.987195 7.50432 1.480758 6.63664 1.974416 5.768799 2.467928 8.37034 2.961611 7.50432 3.455174 6.63664 3.948832 5.768799 4.442344 8.37034 4.936027 7.50432 5.42959 
8.37122 0 7.503629 0.493512 10.10457 0.987195 9.23858 1.480758 8.37122 1.974416 7.503629 2.467928 10.10457 2.961611 9.23858 3.455174 8.37122 3.948832 7.503629 4.442344 10.10457 4.936027 9.23858 5.42959 
10.1058 0 9.238459 0.493512 11.8388 0.987195 10.97284 1.480758 10.1058 1.974416 9.238459 2.467928 11.8388 2.961611 10.97284 3.455174 10.1058 3.948832 9.238459 4.442344 11.8388 4.936027 10.97284 5.42959 
11.84038 0 10.973289 0.493512 13.57303 0.987195 12.7071 1.480758 11.84038 1.974416 10.973289 2.467928 13.57303 2.961611 12.7071 3.455174 11.84038 3.948832 10.973289 4.442344 13.57303 4.936027 12.7071 5.42959 
13.57496 0 12.708119 0.493512 15.30726 0.987195 14.44136 1.480758 13.57496 1.974416 12.708119 2.467928 15.30726 2.961611 14.44136 3.455174 13.57496 3.948832 12.708119 4.442344 15.30726 4.936027 14.44136 5.42959 
15.30954 0 14.442949 0.493512 17.04149 0.987195 16.17562 1.480758 15.30954 1.974416 14.442949 2.467928 17.04149 2.961611 16.17562 3.455174 15.30954 3.948832 14.442949 4.442344 17.04149 4.936027 16.17562 5.42959 
17.04412 0 16.177779 0.493512 18.77572 0.987195 17.90988 1.480758 17.04412 1.974416 16.177779 2.467928 18.77572 2.961611 17.90988 3.455174 17.04412 3.948832 16.177779 4.442344 18.77572 4.936027 17.90988 5.42959 
18.7787 0 17.912609 0.493512 20.50995 0.987195 19.64414 1.480758 18.7787 1.974416 17.912609 2.467928 20.50995 2.961611 19.64414 3.455174 18.7787 3.948832 17.912609 4.442344 20.50995 4.936027 19.64414 5.42959 
20.51328 0 19.647439 0.493512 22.24418 0.987195 21.3784 1.480758 20.51328 1.974416 19.647439 2.467928 22.24418 2.961611 21.3784 3.455174 20.51328 3.948832 19.647439 4.442344 22.24418 4.936027 21.3784 5.42959 
22.24786 0 21.382269 0.493512 23.97841 0.987195 23.11266 1.480758 22.24786 1.974416 21.382269 2.467928 23.97841 2.961611 23.11266 3.455174 22.24786 3.948832 21.382269 4.442344 23.97841 4.936027 23.11266 5.42959 
23.98244 0 23.117099 0.493512 25.71264 0.987195 24.84692 1.480758 23.98244 1.974416 23.117099 2.467928 25.71264 2.961611 24.84692 3.455174 23.98244 3.948832 23.117099 4.442344 25.71264 4.936027 24.84692 5.42959 
25.71702 0 24.851929 0.493512 27.44687 0.987195 26.58118 1.480758 25.71702 1.974416 24.851929 2.467928 27.44687 2.961611 26.58118 3.455174 25.71702 3.948832 24.851929 4.442344 27.44687 4.936027 26.58118 5.42959 
27.4516 0 26.586759 0.493512 29.1811 0.987195 28.31544 1.480758 27.4516 1.974416 26.586759 2.467928 29.1811 2.961611 28.31544 3.455174 27.4516 3.948832 26.586759 4.442344 29.1811 4.936027 28.31544 5.42959 
29.18618 0 28.321589 0.493512 30.91533 0.987195 30.0497 1.480758 29.18618 1.974416 28.321589 2.467928 30.91533 2.961611 30.0497 3.455174 29.18618 3.948832 28.321589 4.442344 30.91533 4.936027 30.0497 5.42959 
30.92076 0 30.056419 0.493512 32.64956 0.987195 31.78396 1.480758 30.92076 1.974416 30.056419 2.467928 32.64956 2.961611 31.78396 3.455174 30.92076 3.948832 30.056419 4.442344 32.64956 4.936027 31.78396 5.42959 
32.65534 0 31.791249 0.493512 34.38379 0.987195 33.51822 1.480758 32.65534 1.974416 31.791249 2.467928 34.38379 2.961611 33.51822 3.455174 32.65534 3.948832 31.791249 4.442344 34.38379 4.936027 33.51822 5.42959 
34.38992 0 33.526079 0.493512 36.11802 0.987195 35.25248 1.480758 34.38992 1.974416 33.526079 2.467928 36.11802 2.961611 35.25248 3.455174 34.38992 3.948832 33.526079 4.442344 36.11802 4.936027 35.25248 5.42959 
36.1245 0 35.260909 0.493512 37.85225 0.987195 36.98674 1.480758 36.1245 1.974416 35.260909 2.467928 37.85225 2.961611 36.98674 3.455174 36.1245 3.948832 35.260909 4.442344 37.85225 4.936027 36.98674 5.42959 
37.85908 0 36.995739 0.493512 39.58648 0.987195 38.721 1.480758 37.85908 1.974416 36.995739 2.467928 39.58648 2.961611 38.721 3.455174 37.85908 3.948832 36.995739 4.442344 39.58648 4.936027 38.721 5.42959 
39.59366 0 38.730569 0.493512 41.32071 0.987195 40.45526 1.480758 39.59366 1.974416 38.730569 2.467928 41.32071 2.961611 40.45526 3.455174 39.59366 3.948832 38.730569 4.442344 41.32071 4.936027 40.45526 5.42959 
41.32824 0 40.465399 0.493512 43.05494 0.987195 42.18952 1.480758 41.32824 1.974416 40.465399 2.467928 43.05494 2.961611 42.18952 3.455174 41.32824 3.948832 40.465399 4.442344 43.05494 4.936027 42.18952 5.42959 
43.06282 0 42.200229 0.493512 44.78917 0.987195 43.92378 1.480758 43.06282 1.974416 42.200229 2.467928 44.78917 2.961611 43.92378 3.455174 43.06282 3.948832 42.200229 4.442344 44.78917 4.936027 43.92378 5.42959 
44.7974 0 43.935059 0.493512 46.5234 0.987195 45.65804 1.480758 44.7974 1.974416 43.935059 2.467928 46.5234 2.961611 45.65804 3.455174 44.7974 3.948832 43.935059 4.442344 46.5234 4.936027 45.65804 5.42959 
46.53198 0 45.669889 0.493512 48.25763 0.987195 47.3923 1.480758 46.53198 1.974416 45.669889 2.467928 48.25763 2.961611 47.3923 3.455174 46.53198 3.948832 45.669889 4.442344 48.25763 4.936027 47.3923 5.42959 
48.26656 0 47.404719 0.493512 49.99186 0.987195 49.12656 1.480758 48.26656 1.974416 47.404719 2.467928 49.99186 2.961611 49.12656 3.455174 48.26656 3.948832 47.404719 4.442344 49.99186 4.936027 49.12656 5.42959 
50.00114 0 49.139549 0.493512 51.72609 0.987195 50.86082 1.480758 50.00114 1.974416 49.139549 2.467928 51.72609 2.961611 50.86082 3.455174 50.00114 3.948832 49.139549 4.442344 51.72609 4.936027 50.86082 5.42959 
51.73572 0 50.874379 0.493512 53.46032 0.987195 52.59508 1.480758 51.73572 1.974416 50.874379 2.467928 53.46032 2.961611 52.59508 3.455174 51.73572 3.948832 50.874379 4.442344 53.46032 4.936027 52.59508 5.42959 
53.4703 0 52.609209 0.493512 55.19455 0.987195 54.32934 1.480758 53.4703 1.974416 52.609209 2.467928 55.19455 2.961611 54.32934 3.455174 53.4703 3.948832 52.609209 4.442344 55.19455 4.936027 54.32934 5.42959 
55.20488 0 54.344039 0.493512 56.92878 0.987195 56.0636 1.480758 55.20488 1.974416 54.344039 2.467928 56.92878 2.961611 56.0636 3.455174 55.20488 3.948832 54.344039 4.442344 56.92878 4.936027 56.0636 5.42959 
56.93946 0 56.078869 0.493512 58.66301 0.987195 57.79786 1.480758 56.93946 1.974416 56.078869 2.467928 58.66301 2.961611 57.79786 3.455174 56.93946 3.948832 56.078869 4.442344 58.66301 4.936027 57.79786 5.42959 
58.67404 0 57.813699 0.493512 60.39724 0.987195 59.53212 1.480758 58.67404 1.974416 57.813699 2.467928 60.39724 2.961611 59.53212 3.455174 58.67404 3.948832 57.813699 4.442344 60.39724 4.936027 59.53212 5.42959 
60.40862 0 59.548529 0.493512 62.13147 0.987195 61.26638 1.480758 60.40862 1.974416 59.548529 2.467928 62.13147 2.961611 61.26638 3.455174 60.40862 3.948832 59.548529 4.442344 62.13147 4.936027 61.26638 5.42959 
62.1432 0 61.283359 0.493512 63.8657 0.987195 63.00064 1.480758 62.1432 1.974416 61.283359 2.467928 63.8657 2.961611 63.00064 3.455174 62.1432 3.948832 61.283359 4.442344 63.8657 4.936027 63.00064 5.42959 
