# 0.858441:0:0.988677:0.858426:0.494407:0.988673:0.858469:0:0.988709:0.858409:3.46023:0.988739
# array of size 12
# plot "" u 1:2 pt 7 ps 2 lc -1, "" u 3:4 pt 7 ps 2 lc -1, "" u 5:6 pt 7 ps 2 lc -1, "" u 7:8 pt 7 ps 2 lc -1, "" u 9:10 pt 7 ps 2 lc -1, "" u 11:12 pt 7 ps 2 lc -1, "" u 13:14 pt 7 ps 2 lc -1, "" u 15:16 pt 7 ps 2 lc -1, "" u 17:18 pt 7 ps 2 lc -1, "" u 19:20 pt 7 ps 2 lc -1, "" u 21:22 pt 7 ps 2 lc -1, "" u 23:24 pt 7 ps 2 lc -1


-5.932062 0 -5.437631 0.858426 -5.932254 1.716895 -2.472204 2.575304 -5.932062 3.433745 -5.437631 4.292171 -5.932254 5.15064 -2.472204 6.009049 -5.932062 6.86749 -5.437631 7.725916 -5.932254 8.584385 -2.472204 9.442794 
-4.943385 0 -4.448958 0.858426 -4.943545 1.716895 -1.483465 2.575304 -4.943385 3.433745 -4.448958 4.292171 -4.943545 5.15064 -1.483465 6.009049 -4.943385 6.86749 -4.448958 7.725916 -4.943545 8.584385 -1.483465 9.442794 
-3.954708 0 -3.460285 0.858426 -3.954836 1.716895 -0.494726 2.575304 -3.954708 3.433745 -3.460285 4.292171 -3.954836 5.15064 -0.494726 6.009049 -3.954708 6.86749 -3.460285 7.725916 -3.954836 8.584385 -0.494726 9.442794 
-2.966031 0 -2.471612 0.858426 -2.966127 1.716895 0.494013 2.575304 -2.966031 3.433745 -2.471612 4.292171 -2.966127 5.15064 0.494013 6.009049 -2.966031 6.86749 -2.471612 7.725916 -2.966127 8.584385 0.494013 9.442794 
-1.977354 0 -1.482939 0.858426 -1.977418 1.716895 1.482752 2.575304 -1.977354 3.433745 -1.482939 4.292171 -1.977418 5.15064 1.482752 6.009049 -1.977354 6.86749 -1.482939 7.725916 -1.977418 8.584385 1.482752 9.442794 
-0.988677 0 -0.494266 0.858426 -0.988709 1.716895 2.471491 2.575304 -0.988677 3.433745 -0.494266 4.292171 -0.988709 5.15064 2.471491 6.009049 -0.988677 6.86749 -0.494266 7.725916 -0.988709 8.584385 2.471491 9.442794 
0 0 0.494407 0.858426 0 1.716895 3.46023 2.575304 0 3.433745 0.494407 4.292171 0 5.15064 3.46023 6.009049 0 6.86749 0.494407 7.725916 0 8.584385 3.46023 9.442794 
0.988677 0 1.48308 0.858426 0.988709 1.716895 4.448969 2.575304 0.988677 3.433745 1.48308 4.292171 0.988709 5.15064 4.448969 6.009049 0.988677 6.86749 1.48308 7.725916 0.988709 8.584385 4.448969 9.442794 
1.977354 0 2.471753 0.858426 1.977418 1.716895 5.437708 2.575304 1.977354 3.433745 2.471753 4.292171 1.977418 5.15064 5.437708 6.009049 1.977354 6.86749 2.471753 7.725916 1.977418 8.584385 5.437708 9.442794 
2.966031 0 3.460426 0.858426 2.966127 1.716895 6.426447 2.575304 2.966031 3.433745 3.460426 4.292171 2.966127 5.15064 6.426447 6.009049 2.966031 6.86749 3.460426 7.725916 2.966127 8.584385 6.426447 9.442794 
3.954708 0 4.449099 0.858426 3.954836 1.716895 7.415186 2.575304 3.954708 3.433745 4.449099 4.292171 3.954836 5.15064 7.415186 6.009049 3.954708 6.86749 4.449099 7.725916 3.954836 8.584385 7.415186 9.442794 
4.943385 0 5.437772 0.858426 4.943545 1.716895 8.403925 2.575304 4.943385 3.433745 5.437772 4.292171 4.943545 5.15064 8.403925 6.009049 4.943385 6.86749 5.437772 7.725916 4.943545 8.584385 8.403925 9.442794 
5.932062 0 6.426445 0.858426 5.932254 1.716895 9.392664 2.575304 5.932062 3.433745 6.426445 4.292171 5.932254 5.15064 9.392664 6.009049 5.932062 6.86749 6.426445 7.725916 5.932254 8.584385 9.392664 9.442794 
6.920739 0 7.415118 0.858426 6.920963 1.716895 10.381403 2.575304 6.920739 3.433745 7.415118 4.292171 6.920963 5.15064 10.381403 6.009049 6.920739 6.86749 7.415118 7.725916 6.920963 8.584385 10.381403 9.442794 
7.909416 0 8.403791 0.858426 7.909672 1.716895 11.370142 2.575304 7.909416 3.433745 8.403791 4.292171 7.909672 5.15064 11.370142 6.009049 7.909416 6.86749 8.403791 7.725916 7.909672 8.584385 11.370142 9.442794 
8.898093 0 9.392464 0.858426 8.898381 1.716895 12.358881 2.575304 8.898093 3.433745 9.392464 4.292171 8.898381 5.15064 12.358881 6.009049 8.898093 6.86749 9.392464 7.725916 8.898381 8.584385 12.358881 9.442794 
9.88677 0 10.381137 0.858426 9.88709 1.716895 13.34762 2.575304 9.88677 3.433745 10.381137 4.292171 9.88709 5.15064 13.34762 6.009049 9.88677 6.86749 10.381137 7.725916 9.88709 8.584385 13.34762 9.442794 
10.875447 0 11.36981 0.858426 10.875799 1.716895 14.336359 2.575304 10.875447 3.433745 11.36981 4.292171 10.875799 5.15064 14.336359 6.009049 10.875447 6.86749 11.36981 7.725916 10.875799 8.584385 14.336359 9.442794 
11.864124 0 12.358483 0.858426 11.864508 1.716895 15.325098 2.575304 11.864124 3.433745 12.358483 4.292171 11.864508 5.15064 15.325098 6.009049 11.864124 6.86749 12.358483 7.725916 11.864508 8.584385 15.325098 9.442794 
12.852801 0 13.347156 0.858426 12.853217 1.716895 16.313837 2.575304 12.852801 3.433745 13.347156 4.292171 12.853217 5.15064 16.313837 6.009049 12.852801 6.86749 13.347156 7.725916 12.853217 8.584385 16.313837 9.442794 
13.841478 0 14.335829 0.858426 13.841926 1.716895 17.302576 2.575304 13.841478 3.433745 14.335829 4.292171 13.841926 5.15064 17.302576 6.009049 13.841478 6.86749 14.335829 7.725916 13.841926 8.584385 17.302576 9.442794 
14.830155 0 15.324502 0.858426 14.830635 1.716895 18.291315 2.575304 14.830155 3.433745 15.324502 4.292171 14.830635 5.15064 18.291315 6.009049 14.830155 6.86749 15.324502 7.725916 14.830635 8.584385 18.291315 9.442794 
15.818832 0 16.313175 0.858426 15.819344 1.716895 19.280054 2.575304 15.818832 3.433745 16.313175 4.292171 15.819344 5.15064 19.280054 6.009049 15.818832 6.86749 16.313175 7.725916 15.819344 8.584385 19.280054 9.442794 
16.807509 0 17.301848 0.858426 16.808053 1.716895 20.268793 2.575304 16.807509 3.433745 17.301848 4.292171 16.808053 5.15064 20.268793 6.009049 16.807509 6.86749 17.301848 7.725916 16.808053 8.584385 20.268793 9.442794 
17.796186 0 18.290521 0.858426 17.796762 1.716895 21.257532 2.575304 17.796186 3.433745 18.290521 4.292171 17.796762 5.15064 21.257532 6.009049 17.796186 6.86749 18.290521 7.725916 17.796762 8.584385 21.257532 9.442794 
18.784863 0 19.279194 0.858426 18.785471 1.716895 22.246271 2.575304 18.784863 3.433745 19.279194 4.292171 18.785471 5.15064 22.246271 6.009049 18.784863 6.86749 19.279194 7.725916 18.785471 8.584385 22.246271 9.442794 
19.77354 0 20.267867 0.858426 19.77418 1.716895 23.23501 2.575304 19.77354 3.433745 20.267867 4.292171 19.77418 5.15064 23.23501 6.009049 19.77354 6.86749 20.267867 7.725916 19.77418 8.584385 23.23501 9.442794 
20.762217 0 21.25654 0.858426 20.762889 1.716895 24.223749 2.575304 20.762217 3.433745 21.25654 4.292171 20.762889 5.15064 24.223749 6.009049 20.762217 6.86749 21.25654 7.725916 20.762889 8.584385 24.223749 9.442794 
21.750894 0 22.245213 0.858426 21.751598 1.716895 25.212488 2.575304 21.750894 3.433745 22.245213 4.292171 21.751598 5.15064 25.212488 6.009049 21.750894 6.86749 22.245213 7.725916 21.751598 8.584385 25.212488 9.442794 
22.739571 0 23.233886 0.858426 22.740307 1.716895 26.201227 2.575304 22.739571 3.433745 23.233886 4.292171 22.740307 5.15064 26.201227 6.009049 22.739571 6.86749 23.233886 7.725916 22.740307 8.584385 26.201227 9.442794 
23.728248 0 24.222559 0.858426 23.729016 1.716895 27.189966 2.575304 23.728248 3.433745 24.222559 4.292171 23.729016 5.15064 27.189966 6.009049 23.728248 6.86749 24.222559 7.725916 23.729016 8.584385 27.189966 9.442794 
24.716925 0 25.211232 0.858426 24.717725 1.716895 28.178705 2.575304 24.716925 3.433745 25.211232 4.292171 24.717725 5.15064 28.178705 6.009049 24.716925 6.86749 25.211232 7.725916 24.717725 8.584385 28.178705 9.442794 
25.705602 0 26.199905 0.858426 25.706434 1.716895 29.167444 2.575304 25.705602 3.433745 26.199905 4.292171 25.706434 5.15064 29.167444 6.009049 25.705602 6.86749 26.199905 7.725916 25.706434 8.584385 29.167444 9.442794 
26.694279 0 27.188578 0.858426 26.695143 1.716895 30.156183 2.575304 26.694279 3.433745 27.188578 4.292171 26.695143 5.15064 30.156183 6.009049 26.694279 6.86749 27.188578 7.725916 26.695143 8.584385 30.156183 9.442794 
27.682956 0 28.177251 0.858426 27.683852 1.716895 31.144922 2.575304 27.682956 3.433745 28.177251 4.292171 27.683852 5.15064 31.144922 6.009049 27.682956 6.86749 28.177251 7.725916 27.683852 8.584385 31.144922 9.442794 
28.671633 0 29.165924 0.858426 28.672561 1.716895 32.133661 2.575304 28.671633 3.433745 29.165924 4.292171 28.672561 5.15064 32.133661 6.009049 28.671633 6.86749 29.165924 7.725916 28.672561 8.584385 32.133661 9.442794 
29.66031 0 30.154597 0.858426 29.66127 1.716895 33.1224 2.575304 29.66031 3.433745 30.154597 4.292171 29.66127 5.15064 33.1224 6.009049 29.66031 6.86749 30.154597 7.725916 29.66127 8.584385 33.1224 9.442794 
30.648987 0 31.14327 0.858426 30.649979 1.716895 34.111139 2.575304 30.648987 3.433745 31.14327 4.292171 30.649979 5.15064 34.111139 6.009049 30.648987 6.86749 31.14327 7.725916 30.649979 8.584385 34.111139 9.442794 
31.637664 0 32.131943 0.858426 31.638688 1.716895 35.099878 2.575304 31.637664 3.433745 32.131943 4.292171 31.638688 5.15064 35.099878 6.009049 31.637664 6.86749 32.131943 7.725916 31.638688 8.584385 35.099878 9.442794 
32.626341 0 33.120616 0.858426 32.627397 1.716895 36.088617 2.575304 32.626341 3.433745 33.120616 4.292171 32.627397 5.15064 36.088617 6.009049 32.626341 6.86749 33.120616 7.725916 32.627397 8.584385 36.088617 9.442794 
33.615018 0 34.109289 0.858426 33.616106 1.716895 37.077356 2.575304 33.615018 3.433745 34.109289 4.292171 33.616106 5.15064 37.077356 6.009049 33.615018 6.86749 34.109289 7.725916 33.616106 8.584385 37.077356 9.442794 
34.603695 0 35.097962 0.858426 34.604815 1.716895 38.066095 2.575304 34.603695 3.433745 35.097962 4.292171 34.604815 5.15064 38.066095 6.009049 34.603695 6.86749 35.097962 7.725916 34.604815 8.584385 38.066095 9.442794 
