12 -450.402
74 -450.402
82 -444.723
94 -450.402
105 -450.402
114 -444.723
130 -451.362
192 -450.402
208 -453.585
274 -451.779
291 -450.895
301 -443.636
312 -443.707
328 -450.899
344 -451.983
358 -450.683
407 -442.984
457 -442.985
468 -450.368
481 -447.602
495 -447.601
507 -450.368
529 -416.285
546 -416.284
560 -440.896
575 -440.896
593 -450.099
616 -416.285
633 -416.284
651 -450.103
661 -453.537
673 -453.537
695 -416.285
713 -416.284
727 -450.107
743 -438.508
759 -438.508
771 -449.697
792 -411.845
813 -411.845
851 -440.134
885 -440.134
934 -442.985
948 -447.602
962 -447.601
1011 -442.985
1028 -451.762
1047 -451.619
1060 -447.888
1069 -428.853
1119 -442.978
1130 -419.324
1141 -419.324
1190 -442.978
