10 -291.061
14 -323.662
19 -317.249
26 -419.364
34 -419.351
41 -419.366
45 -334.158
52 -327.7
62 -320.233
67 -323.712
71 -405.375
77 -334.764
84 -310.222
87 -322.161
96 -321.793
102 -269.951
110 -419.347
116 -340.508
122 -291.098
129 -419.405
133 -363.794
144 -279.889
149 -323.126
155 -340.508
162 -291.098
169 -419.405
172 -363.794
180 -279.848
184 -302.102
192 -324.231
197 -292.4
207 -334.683
210 -363.794
214 -394.36
220 -419.385
227 -324.231
233 -292.4
242 -334.683
246 -363.794
256 -279.875
259 -390.827
281 -361.794
288 -291.098
295 -419.405
299 -400.097
321 -361.795
328 -419.416
350 -361.794
353 -247.212
358 -325.91
362 -314.448
366 -394.473
367 -269.923
373 -318.569
378 -292.4
388 -334.683
399 -408.432
411 -262.724
414 -314.441
419 -281.492
425 -323.121
431 -318.569
436 -292.882
437 -325.523
448 -408.432
456 -210.633
464 -220.301
475 -279.896
480 -323.126
486 -340.508
492 -291.098
500 -334.758
504 -400.022
514 -316.329
515 -247.97
519 -394.359
525 -419.259
530 -340.508
537 -291.098
544 -419.416
555 -408.388
565 -316.329
588 -311.57
599 -323.99
606 -419.084
613 -324.231
618 -292.4
625 -334.692
628 -314.448
633 -281.535
633 -165.317
640 -324.231
645 -292.4
647 -325.521
658 -408.388
661 -280.142
684 -311.57
688 -394.086
694 -419.406
715 -361.794
722 -291.098
735 -272.78
746 -408.432
752 -281.662
773 -302.405
795 -361.794
801 -291.098
808 -419.405
820 -408.388
824 -281.654
830 -323.121
836 -318.569
841 -292.4
843 -335.022
854 -408.432
857 -279.886
864 -299.53
870 -318.569
875 -292.4
885 -334.683
896 -408.432
901 -323.412
905 -234.384
908 -317.459
916 -221.291
919 -317.459
924 -281.91
933 -221.286
935 -247.97
941 -276.353
949 -220.301
968 -322.223
971 -306.307
975 -313.705
980 -327.535
981 -324.736
990 -290.698
992 -317.991
993 -318.043
999 -332.526
1001 -332.499
1006 -323.621
1012 -327.477
1015 -308.049
1019 -313.27
1020 -300.184
1039 -322.199
1039 -329.142
1040 -329.142
1044 -309.346
1045 -318.043
1064 -322.223
1067 -306.307
1071 -313.705
1077 -327.535
1077 -324.736
1086 -290.698
1088 -317.991
1089 -318.043
1093 -309.346
1094 -318.043
1100 -323.621
1105 -327.477
1109 -308.049
1114 -332.526
1117 -332.499
1135 -322.199
1136 -329.142
1137 -329.142
1141 -309.346
1142 -318.043
1152 -316.329
1155 -314.441
1159 -272.366
1182 -311.57
