# 0.747251:1.25575:2.48002:1.6733:0.00419496:1.77401:1.69263:0.193925:1.76297:1.68627:4.1567e-05:2.48356
# array of size 12
# plot "" u 1:2 pt 7 ps 2 lc -1, "" u 3:4 pt 7 ps 2 lc -1, "" u 5:6 pt 7 ps 2 lc -1, "" u 7:8 pt 7 ps 2 lc -1, "" u 9:10 pt 7 ps 2 lc -1, "" u 11:12 pt 7 ps 2 lc -1, "" u 13:14 pt 7 ps 2 lc -1, "" u 15:16 pt 7 ps 2 lc -1, "" u 17:18 pt 7 ps 2 lc -1, "" u 19:20 pt 7 ps 2 lc -1, "" u 21:22 pt 7 ps 2 lc -1, "" u 23:24 pt 7 ps 2 lc -1


-13.62437 0 -10.63986504 1.6733 -10.383895 3.36593 -14.901318433 5.0522 -13.62437 5.799451 -10.63986504 7.472751 -10.383895 9.165381 -14.901318433 10.851651 -13.62437 11.598902 -10.63986504 13.272202 -10.383895 14.964832 -14.901318433 16.651102 
-11.14435 0 -8.86585504 1.6733 -8.620925 3.36593 -12.417758433 5.0522 -11.14435 5.799451 -8.86585504 7.472751 -8.620925 9.165381 -12.417758433 10.851651 -11.14435 11.598902 -8.86585504 13.272202 -8.620925 14.964832 -12.417758433 16.651102 
-8.66433 0 -7.09184504 1.6733 -6.857955 3.36593 -9.934198433 5.0522 -8.66433 5.799451 -7.09184504 7.472751 -6.857955 9.165381 -9.934198433 10.851651 -8.66433 11.598902 -7.09184504 13.272202 -6.857955 14.964832 -9.934198433 16.651102 
-6.18431 0 -5.31783504 1.6733 -5.094985 3.36593 -7.450638433 5.0522 -6.18431 5.799451 -5.31783504 7.472751 -5.094985 9.165381 -7.450638433 10.851651 -6.18431 11.598902 -5.31783504 13.272202 -5.094985 14.964832 -7.450638433 16.651102 
-3.70429 0 -3.54382504 1.6733 -3.332015 3.36593 -4.967078433 5.0522 -3.70429 5.799451 -3.54382504 7.472751 -3.332015 9.165381 -4.967078433 10.851651 -3.70429 11.598902 -3.54382504 13.272202 -3.332015 14.964832 -4.967078433 16.651102 
-1.22427 0 -1.76981504 1.6733 -1.569045 3.36593 -2.483518433 5.0522 -1.22427 5.799451 -1.76981504 7.472751 -1.569045 9.165381 -2.483518433 10.851651 -1.22427 11.598902 -1.76981504 13.272202 -1.569045 14.964832 -2.483518433 16.651102 
1.25575 0 0.00419496 1.6733 0.193925 3.36593 4.1567e-05 5.0522 1.25575 5.799451 0.00419496 7.472751 0.193925 9.165381 4.1567e-05 10.851651 1.25575 11.598902 0.00419496 13.272202 0.193925 14.964832 4.1567e-05 16.651102 
3.73577 0 1.77820496 1.6733 1.956895 3.36593 2.483601567 5.0522 3.73577 5.799451 1.77820496 7.472751 1.956895 9.165381 2.483601567 10.851651 3.73577 11.598902 1.77820496 13.272202 1.956895 14.964832 2.483601567 16.651102 
6.21579 0 3.55221496 1.6733 3.719865 3.36593 4.967161567 5.0522 6.21579 5.799451 3.55221496 7.472751 3.719865 9.165381 4.967161567 10.851651 6.21579 11.598902 3.55221496 13.272202 3.719865 14.964832 4.967161567 16.651102 
8.69581 0 5.32622496 1.6733 5.482835 3.36593 7.450721567 5.0522 8.69581 5.799451 5.32622496 7.472751 5.482835 9.165381 7.450721567 10.851651 8.69581 11.598902 5.32622496 13.272202 5.482835 14.964832 7.450721567 16.651102 
11.17583 0 7.10023496 1.6733 7.245805 3.36593 9.934281567 5.0522 11.17583 5.799451 7.10023496 7.472751 7.245805 9.165381 9.934281567 10.851651 11.17583 11.598902 7.10023496 13.272202 7.245805 14.964832 9.934281567 16.651102 
13.65585 0 8.87424496 1.6733 9.008775 3.36593 12.417841567 5.0522 13.65585 5.799451 8.87424496 7.472751 9.008775 9.165381 12.417841567 10.851651 13.65585 11.598902 8.87424496 13.272202 9.008775 14.964832 12.417841567 16.651102 
16.13587 0 10.64825496 1.6733 10.771745 3.36593 14.901401567 5.0522 16.13587 5.799451 10.64825496 7.472751 10.771745 9.165381 14.901401567 10.851651 16.13587 11.598902 10.64825496 13.272202 10.771745 14.964832 14.901401567 16.651102 
18.61589 0 12.42226496 1.6733 12.534715 3.36593 17.384961567 5.0522 18.61589 5.799451 12.42226496 7.472751 12.534715 9.165381 17.384961567 10.851651 18.61589 11.598902 12.42226496 13.272202 12.534715 14.964832 17.384961567 16.651102 
21.09591 0 14.19627496 1.6733 14.297685 3.36593 19.868521567 5.0522 21.09591 5.799451 14.19627496 7.472751 14.297685 9.165381 19.868521567 10.851651 21.09591 11.598902 14.19627496 13.272202 14.297685 14.964832 19.868521567 16.651102 
23.57593 0 15.97028496 1.6733 16.060655 3.36593 22.352081567 5.0522 23.57593 5.799451 15.97028496 7.472751 16.060655 9.165381 22.352081567 10.851651 23.57593 11.598902 15.97028496 13.272202 16.060655 14.964832 22.352081567 16.651102 
26.05595 0 17.74429496 1.6733 17.823625 3.36593 24.835641567 5.0522 26.05595 5.799451 17.74429496 7.472751 17.823625 9.165381 24.835641567 10.851651 26.05595 11.598902 17.74429496 13.272202 17.823625 14.964832 24.835641567 16.651102 
28.53597 0 19.51830496 1.6733 19.586595 3.36593 27.319201567 5.0522 28.53597 5.799451 19.51830496 7.472751 19.586595 9.165381 27.319201567 10.851651 28.53597 11.598902 19.51830496 13.272202 19.586595 14.964832 27.319201567 16.651102 
31.01599 0 21.29231496 1.6733 21.349565 3.36593 29.802761567 5.0522 31.01599 5.799451 21.29231496 7.472751 21.349565 9.165381 29.802761567 10.851651 31.01599 11.598902 21.29231496 13.272202 21.349565 14.964832 29.802761567 16.651102 
33.49601 0 23.06632496 1.6733 23.112535 3.36593 32.286321567 5.0522 33.49601 5.799451 23.06632496 7.472751 23.112535 9.165381 32.286321567 10.851651 33.49601 11.598902 23.06632496 13.272202 23.112535 14.964832 32.286321567 16.651102 
35.97603 0 24.84033496 1.6733 24.875505 3.36593 34.769881567 5.0522 35.97603 5.799451 24.84033496 7.472751 24.875505 9.165381 34.769881567 10.851651 35.97603 11.598902 24.84033496 13.272202 24.875505 14.964832 34.769881567 16.651102 
38.45605 0 26.61434496 1.6733 26.638475 3.36593 37.253441567 5.0522 38.45605 5.799451 26.61434496 7.472751 26.638475 9.165381 37.253441567 10.851651 38.45605 11.598902 26.61434496 13.272202 26.638475 14.964832 37.253441567 16.651102 
40.93607 0 28.38835496 1.6733 28.401445 3.36593 39.737001567 5.0522 40.93607 5.799451 28.38835496 7.472751 28.401445 9.165381 39.737001567 10.851651 40.93607 11.598902 28.38835496 13.272202 28.401445 14.964832 39.737001567 16.651102 
43.41609 0 30.16236496 1.6733 30.164415 3.36593 42.220561567 5.0522 43.41609 5.799451 30.16236496 7.472751 30.164415 9.165381 42.220561567 10.851651 43.41609 11.598902 30.16236496 13.272202 30.164415 14.964832 42.220561567 16.651102 
45.89611 0 31.93637496 1.6733 31.927385 3.36593 44.704121567 5.0522 45.89611 5.799451 31.93637496 7.472751 31.927385 9.165381 44.704121567 10.851651 45.89611 11.598902 31.93637496 13.272202 31.927385 14.964832 44.704121567 16.651102 
48.37613 0 33.71038496 1.6733 33.690355 3.36593 47.187681567 5.0522 48.37613 5.799451 33.71038496 7.472751 33.690355 9.165381 47.187681567 10.851651 48.37613 11.598902 33.71038496 13.272202 33.690355 14.964832 47.187681567 16.651102 
50.85615 0 35.48439496 1.6733 35.453325 3.36593 49.671241567 5.0522 50.85615 5.799451 35.48439496 7.472751 35.453325 9.165381 49.671241567 10.851651 50.85615 11.598902 35.48439496 13.272202 35.453325 14.964832 49.671241567 16.651102 
53.33617 0 37.25840496 1.6733 37.216295 3.36593 52.154801567 5.0522 53.33617 5.799451 37.25840496 7.472751 37.216295 9.165381 52.154801567 10.851651 53.33617 11.598902 37.25840496 13.272202 37.216295 14.964832 52.154801567 16.651102 
55.81619 0 39.03241496 1.6733 38.979265 3.36593 54.638361567 5.0522 55.81619 5.799451 39.03241496 7.472751 38.979265 9.165381 54.638361567 10.851651 55.81619 11.598902 39.03241496 13.272202 38.979265 14.964832 54.638361567 16.651102 
58.29621 0 40.80642496 1.6733 40.742235 3.36593 57.121921567 5.0522 58.29621 5.799451 40.80642496 7.472751 40.742235 9.165381 57.121921567 10.851651 58.29621 11.598902 40.80642496 13.272202 40.742235 14.964832 57.121921567 16.651102 
60.77623 0 42.58043496 1.6733 42.505205 3.36593 59.605481567 5.0522 60.77623 5.799451 42.58043496 7.472751 42.505205 9.165381 59.605481567 10.851651 60.77623 11.598902 42.58043496 13.272202 42.505205 14.964832 59.605481567 16.651102 
63.25625 0 44.35444496 1.6733 44.268175 3.36593 62.089041567 5.0522 63.25625 5.799451 44.35444496 7.472751 44.268175 9.165381 62.089041567 10.851651 63.25625 11.598902 44.35444496 13.272202 44.268175 14.964832 62.089041567 16.651102 
65.73627 0 46.12845496 1.6733 46.031145 3.36593 64.572601567 5.0522 65.73627 5.799451 46.12845496 7.472751 46.031145 9.165381 64.572601567 10.851651 65.73627 11.598902 46.12845496 13.272202 46.031145 14.964832 64.572601567 16.651102 
68.21629 0 47.90246496 1.6733 47.794115 3.36593 67.056161567 5.0522 68.21629 5.799451 47.90246496 7.472751 47.794115 9.165381 67.056161567 10.851651 68.21629 11.598902 47.90246496 13.272202 47.794115 14.964832 67.056161567 16.651102 
70.69631 0 49.67647496 1.6733 49.557085 3.36593 69.539721567 5.0522 70.69631 5.799451 49.67647496 7.472751 49.557085 9.165381 69.539721567 10.851651 70.69631 11.598902 49.67647496 13.272202 49.557085 14.964832 69.539721567 16.651102 
73.17633 0 51.45048496 1.6733 51.320055 3.36593 72.023281567 5.0522 73.17633 5.799451 51.45048496 7.472751 51.320055 9.165381 72.023281567 10.851651 73.17633 11.598902 51.45048496 13.272202 51.320055 14.964832 72.023281567 16.651102 
75.65635 0 53.22449496 1.6733 53.083025 3.36593 74.506841567 5.0522 75.65635 5.799451 53.22449496 7.472751 53.083025 9.165381 74.506841567 10.851651 75.65635 11.598902 53.22449496 13.272202 53.083025 14.964832 74.506841567 16.651102 
78.13637 0 54.99850496 1.6733 54.845995 3.36593 76.990401567 5.0522 78.13637 5.799451 54.99850496 7.472751 54.845995 9.165381 76.990401567 10.851651 78.13637 11.598902 54.99850496 13.272202 54.845995 14.964832 76.990401567 16.651102 
80.61639 0 56.77251496 1.6733 56.608965 3.36593 79.473961567 5.0522 80.61639 5.799451 56.77251496 7.472751 56.608965 9.165381 79.473961567 10.851651 80.61639 11.598902 56.77251496 13.272202 56.608965 14.964832 79.473961567 16.651102 
83.09641 0 58.54652496 1.6733 58.371935 3.36593 81.957521567 5.0522 83.09641 5.799451 58.54652496 7.472751 58.371935 9.165381 81.957521567 10.851651 83.09641 11.598902 58.54652496 13.272202 58.371935 14.964832 81.957521567 16.651102 
85.57643 0 60.32053496 1.6733 60.134905 3.36593 84.441081567 5.0522 85.57643 5.799451 60.32053496 7.472751 60.134905 9.165381 84.441081567 10.851651 85.57643 11.598902 60.32053496 13.272202 60.134905 14.964832 84.441081567 16.651102 
88.05645 0 62.09454496 1.6733 61.897875 3.36593 86.924641567 5.0522 88.05645 5.799451 62.09454496 7.472751 61.897875 9.165381 86.924641567 10.851651 88.05645 11.598902 62.09454496 13.272202 61.897875 14.964832 86.924641567 16.651102 
