10 -291.061
32 -323.662
70 -317.249
76 -419.364
107 -419.351
115 -419.366
141 -334.158
148 -327.7
158 -320.233
163 -323.712
167 -405.375
173 -334.764
180 -310.222
184 -322.161
192 -321.793
199 -269.951
206 -419.347
217 -279.889
223 -323.126
231 -279.848
235 -302.102
239 -394.36
245 -419.385
277 -279.875
280 -390.827
301 -361.795
309 -419.416
335 -394.473
336 -269.923
341 -281.492
347 -323.121
358 -279.896
363 -323.126
367 -394.359
373 -419.259
383 -323.99
390 -419.084
396 -281.535
396 -165.317
400 -394.086
406 -419.406
412 -281.662
433 -302.405
437 -281.654
443 -323.121
445 -279.886
452 -299.53
456 -318.861
463 -303.115
467 -309.021
471 -327.866
475 -327.684
479 -308.776
487 -308.87
495 -308.823
500 -318.861
506 -317.234
510 -309.021
516 -311.828
520 -327.684
522 -309.846
530 -308.87
532 -310.146
533 -317.455
535 -321.272
537 -321.272
538 -321.272
541 -317.454
542 -321.272
543 -321.272
550 -328.728
555 -340.508
563 -324.231
585 -361.794
591 -318.569
597 -340.508
604 -324.231
626 -361.794
632 -318.569
634 -317.455
636 -321.272
637 -321.272
638 -321.272
641 -317.454
642 -321.272
644 -321.272
650 -328.728
655 -340.508
663 -324.231
684 -361.794
691 -318.569
696 -340.508
704 -324.231
726 -361.794
732 -318.569
739 -291.098
744 -292.4
750 -291.098
755 -292.4
762 -291.098
767 -292.4
774 -291.098
779 -292.4
785 -291.098
790 -292.4
797 -291.098
802 -292.4
808 -291.098
813 -292.4
817 -247.212
821 -292.882
822 -323.118
826 -318.706
843 -301.065
843 -327.748
860 -301.065
866 -327.525
869 -301.448
874 -320.576
875 -323.118
877 -315.002
894 -301.065
910 -301.064
926 -301.065
953 -327.886
956 -301.448
980 -305.737
982 -317.458
984 -317.456
985 -316.781
987 -312.712
989 -317.456
990 -317.382
993 -312.712
994 -316.371
1012 -322.223
1022 -290.698
1027 -323.621
1046 -322.199
1052 -419.417
1079 -323.745
1090 -290.698
1112 -322.199
1131 -322.223
1140 -290.698
1145 -323.621
1164 -322.199
1170 -419.417
1175 -323.745
1186 -290.698
